GaitID
11
GaitRate
30
GaitDescription
 
zero_point
0,0,0,-2,-13,0,0,2,14,1,0,-3,-1,0,3,-2,10,0,-3,0,-10,-8,-2,-1,0
Gait_Frame
0,0,0,0,0,0,0,0,0,0,0,0,0,0,27,-20,0,0,0,0,0,27,-20,0,0,30
0,0,0,0,0,0,0,0,0,0,0,0,0,0,35,-26,-10,0,0,9,0,27,-20,-30,0,30
0,0,0,0,0,0,0,0,0,0,0,0,0,0,35,-26,-14,0,0,0,0,54,-30,0,0,30
0,0,0,0,0,0,0,0,0,0,0,0,0,0,17,-16,-8,0,30,0,6,35,-23,0,0,12
0,0,0,0,0,0,0,0,0,0,0,0,-8,0,28,-16,-10,0,-21,0,6,33,-19,-11,0,4
0,0,0,0,0,0,0,0,0,0,0,0,-8,0,35,-26,-10,0,-4,0,6,54,-32,-17,0,30
0,0,0,0,0,0,0,0,0,0,0,0,0,0,27,-20,0,0,0,0,0,27,-20,0,0,30
