GaitID
12
GaitRate
30
GaitDescription
 
zero_point
0,0,0,-2,-13,0,0,2,14,1,0,-3,-1,0,3,-2,10,0,-3,0,-10,-8,-2,-1,0
Gait_Frame
0,0,0,0,0,0,0,0,0,0,0,0,0,0,27,-20,0,0,0,0,0,27,-16,3,0,30
0,0,0,0,0,0,0,0,0,0,0,0,0,0,27,-20,0,0,0,0,0,36,-23,8,0,30
0,0,0,0,0,0,0,0,0,0,0,0,0,0,27,-20,0,0,0,0,0,36,-23,12,0,15
0,0,0,0,0,0,0,0,0,0,0,0,0,2,38,-24,4,0,0,0,0,23,-13,13,0,15
0,0,0,0,0,0,0,0,0,-1,0,38,0,2,38,-25,12,0,0,0,0,23,-20,13,0,10
0,0,0,0,0,0,0,0,0,0,0,-23,0,2,38,-15,9,0,0,0,0,23,-12,13,0,4
0,0,0,0,0,0,0,0,0,0,0,0,0,2,38,-24,4,0,0,0,0,23,-12,13,0,30
0,0,0,0,0,0,0,0,0,0,0,0,0,0,27,-17,0,0,0,0,0,26,-17,3,0,40
