GaitID
2
GaitRate
30
GaitDescription
 
zero_point
0,0,0,0,-19,-37,0,0,14,-32,0,-17,-1,-1,-12,10,10,0,-59,-2,1,-26,11,2,0
Gait_Frame
0,0,0,0,0,0,0,0,0,0,0,0,0,0,0,0,0,0,0,0,0,0,0,0,0,20
0,0,0,138,0,-147,0,138,2,-147,0,0,0,0,41,-21,0,0,0,0,0,41,-21,0,0,20
0,0,0,11,0,-100,0,11,2,-100,0,-69,0,0,105,-64,0,0,-69,0,0,105,-64,0,0,20
0,0,0,-30,0,-45,0,-30,0,-45,0,-104,0,0,138,-79,0,0,-104,0,0,138,-79,0,0,15
0,0,0,-55,8,20,0,-55,-3,19,0,-104,0,0,132,-66,0,0,-104,0,0,132,-66,0,0,30
0,0,0,-25,0,-23,0,-25,-3,-23,0,-104,0,0,132,-59,0,0,-104,0,0,132,-59,0,0,30
0,0,0,-25,0,-68,0,-25,0,-66,0,-84,0,0,100,-47,0,0,-84,0,0,100,-47,0,0,50
0,0,0,0,0,0,0,0,0,0,0,15,0,0,42,-31,0,0,15,0,0,42,-31,0,0,40
