GaitID
25
GaitRate
30
GaitDescription
 
zero_point
0,0,0,-2,-13,0,0,2,14,-11,0,-3,-1,0,3,-1,11,0,-47,0,0,-8,-3,0,0
Gait_Frame
0,0,0,0,0,0,0,0,0,0,0,0,0,0,0,0,0,0,0,0,0,0,0,0,0,30
0,0,0,0,0,0,0,0,0,0,0,-30,0,0,25,-5,0,0,-30,0,0,25,-5,0,0,30
0,0,0,0,0,0,0,0,0,0,0,-50,0,0,55,-20,0,0,-50,0,0,55,-20,0,0,30
0,0,0,-20,-15,0,0,-20,15,0,0,-75,0,0,80,-35,0,0,-75,0,0,80,-35,0,0,30
0,0,0,-20,-15,0,0,-20,15,0,0,-105,0,0,110,-35,0,0,-105,0,0,110,-35,0,0,30
0,0,0,-20,-18,0,0,-20,18,0,0,-115,0,0,130,-35,0,0,-115,0,0,130,-35,0,0,30
0,0,0,-20,-30,0,0,-20,30,0,0,-115,30,20,130,-35,0,0,-115,25,-20,130,-35,0,0,30
