-0.543823,22.203400,-90.455900
-0.543823,22.225300,-90.510900
-0.527344,22.241800,-90.494400
-0.532837,22.219800,-90.472400
-0.670166,22.071500,-90.505400
-0.889893,21.884800,-90.181300
-1.082150,21.890300,-89.785830
-1.285400,21.912200,-89.228583
-1.389770,21.758400,-88.681630
-1.181030,21.450800,-87.594730
-1.043700,21.445300,-86.907373
-0.961304,21.445300,-86.434900
-0.791016,21.357400,-86.132800
-0.576782,21.527700,-85.671400
-0.477905,21.467300,-84.951800
-0.104370,21.472800,-83.342380
-0.049439,21.533200,-82.804000
-0.098877,21.500200,-82.392380
-0.093384,21.494800,-82.342500
-0.082397,21.461800,-82.392500
-0.098877,21.406900,-82.512850
-0.291138,21.187100,-82.990750
-0.543823,21.038800,-83.369850
-0.917358,20.852100,-83.831250
-1.999510,20.385100,-84.754125
-2.779540,20.242300,-85.149525
-3.685910,20.291700,-85.468125
-4.614260,20.495000,-85.709812
-6.448970,21.225600,-86.154825
-7.108150,21.626600,-86.303125
-7.124630,22.121000,-86.121813
-6.492920,22.659300,-85.918625
-5.971070,22.977900,-86.467925
-5.690920,22.999900,-87.583925
-5.432740,22.796600,-88.813525
-5.026250,21.703500,-91.181925
-4.476930,20.841100,-91.972925
-3.735350,19.682000,-92.373293
-3.312380,18.374600,-92.241225
-3.186040,17.259500,-91.746825
-2.768550,16.517900,-91.450225
-2.026980,16.012600,-91.395325
-0.466919,16.270800,-91.994250
0.280151,16.880500,-92.741125
1.208500,17.418800,-93.839711
2.449950,17.891200,-95.311913
3.620000,18.374600,-96.981812
4.147340,18.924000,-98.399191
4.108890,20.225800,-100.253125
4.432980,20.742200,-100.923125
4.729610,21.044300,-101.387125
4.724120,21.154200,-101.519125
4.559330,21.071800,-101.228125
4.416500,20.791600,-100.503812
4.268190,20.484000,-99.547181
4.081420,20.033600,-97.734413
4.070430,19.934700,-97.025813
4.284670,19.984100,-96.361113
4.762570,20.017100,-95.690912
6.196290,19.973100,-94.559313
6.240230,20.313700,-94.586812
5.278930,21.214600,-95.141612
3.949580,22.225300,-95.366812
2.796020,22.944900,-95.053713
1.131590,23.302000,-93.707941
0.620728,22.785600,-92.752125
0.038452,21.928700,-91.867750
-0.296631,20.786100,-91.181750
-0.395508,19.182100,-90.999850
-0.818481,18.143900,-91.148150
-1.290890,17.808800,-91.241515
-2.488400,18.533900,-91.340382
-3.273930,19.050300,-90.961315
-3.927610,19.396400,-90.302115
-4.685670,19.726000,-89.472712
-5.674440,20.390600,-88.434415
-6.069950,21.308000,-87.110641
-5.729370,22.241800,-85.682415
-5.328370,22.901000,-84.852942
-4.773560,24.027100,-83.968515
-4.636230,24.422600,-83.836715
-4.465940,24.675300,-83.836715
-4.334110,24.774200,-84.050915
-4.180300,24.741200,-84.397092
-3.988040,24.603900,-84.787915
-3.845210,24.406100,-85.380215
-4.010010,23.961200,-86.929315
-4.213260,23.719500,-87.813715
-4.443970,23.664600,-88.571815
-4.823000,23.818400,-89.022218
-5.125120,24.021600,-89.060715
-3.674930,25.004900,-86.687615
-2.631230,25.614600,-85.676915
-1.911620,25.713500,-85.523115
-1.411740,25.587200,-85.819715
-0.944824,25.087300,-86.511850
-0.324097,24.164400,-87.374350
0.076904,22.736200,-88.302650
0.236206,21.258500,-88.917865
0.626221,20.088500,-88.758565
1.538090,18.896500,-87.616856
2.026980,19.182100,-87.423756
2.406010,19.929200,-88.071956
2.581790,20.923500,-89.346356
2.537840,21.796900,-90.917457
2.839970,22.395600,-92.515957
3.828740,24.180900,-95.235356
3.427730,24.829100,-96.383156
2.949830,25.383900,-97.305956
2.916870,25.790400,-98.234357
2.686160,25.927700,-99.195656
2.340090,25.900300,-100.003565
2.037960,25.609100,-100.195565
2.120360,25.510300,-99.689956
2.164310,25.290500,-99.058256
2.197270,24.982900,-98.316756
2.356570,24.647800,-97.613557
2.801510,24.290800,-96.844556
3.400270,24.016100,-96.097457
4.894410,23.324000,-94.630746
4.943850,23.142700,-94.630757
3.587040,23.884300,-96.157856
2.257690,24.570900,-96.904956
1.153560,24.785200,-97.196956
0.324097,24.785200,-97.289465
-0.560303,23.582200,-96.503950
-0.604248,22.186900,-95.910650
-0.593262,20.258800,-95.850250
-1.005250,18.858000,-96.037503
-1.483150,18.143900,-96.185325
-1.911620,18.198900,-96.481925
-2.570800,18.495500,-96.740193
-3.933110,19.379900,-95.960125
-4.152830,19.572100,-94.872425
-4.081420,19.616100,-93.625525
-4.839480,19.962200,-92.642225
-5.213010,20.972900,-91.005225
-4.844970,22.077000,-89.170523
-4.378050,22.769200,-88.258725
-3.554080,23.944700,-86.940325
-3.202510,24.290800,-86.473425
-2.812500,24.543500,-86.215243
-2.488400,24.680800,-86.259242
-2.274170,24.840100,-86.495425
-2.098390,24.867600,-86.912825
-1.895140,24.928000,-87.522683
-1.812740,25.004900,-88.225725
-1.977540,24.960900,-89.187725
-2.466430,24.939000,-90.780443
-2.850950,25.147700,-91.065725
-3.229980,25.361900,-91.175725
-2.686160,25.741000,-901.175725
-1.444700,26.389200,-88.379572
-0.549316,26.872600,-87.456750
0.087891,27.185700,-86.874450
0.950317,26.916500,-86.846945
1.444700,26.120000,-87.511685
1.708370,24.763200,-88.280694
1.807250,23.324000,-88.742169
2.202760,22.027600,-88.467495
2.620240,21.088300,-87.742395
3.081670,20.604900,-86.923895
3.521120,20.841100,-86.616294
3.916630,22.725200,-88.621295
3.993530,23.681000,-90.214229
4.757080,24.433600,-91.329395
5.537110,25.389400,-92.537894
5.570070,26.378200,-94.163894
4.636230,27.042800,-96.602895
4.229740,27.196700,-97.937695
3.718870,27.345000,-99.173669
3.235470,27.361500,-100.069945
2.993770,27.246100,-100.421945
2.982790,27.031900,-100.283945
2.922360,26.630900,-99.580195
2.889400,26.240800,-99.085719
3.015750,25.746500,-98.508995
3.323360,25.257600,-97.866294
3.801270,24.834600,-97.190695
4.378050,24.472000,-96.586369
4.762570,24.104000,-96.344669
3.949580,24.279800,-97.481795
2.697140,24.862100,-98.651794
1.488650,25.070800,-99.157195
0.461426,24.966400,-99.354945
-0.763550,23.571200,-98.596845
-1.082150,21.917700,-98.047545
-1.181030,19.890700,-97.783845
-1.356810,18.435100,-97.871745
-1.653440,17.682500,-98.245245
-2.037960,17.468300,-98.794645
-2.664180,17.605600,-99.052745
-3.405760,17.830800,-98.778145
-4.119870,18.143900,-96.564345
-4.086910,18.182400,-94.993345
-4.581300,18.484500,-93.532134
-5.169070,19.325000,-91.790835
-4.938350,20.434600,-89.725345
-4.372560,21.280500,-88.396345
-3.471680,22.527500,-87.258945
-3.142090,22.939500,-86.874445
-2.702640,23.192100,-86.528345
-2.290650,23.329500,-86.413345
-2.015990,23.411900,-86.610745
-1.851200,23.461300,-87.050275
-1.697390,23.499800,-87.654445
-1.669920,23.543700,-89.198145
-1.884160,23.450300,-90.148345
-2.191770,23.439300,-90.972345
-2.614750,23.576700,-91.494145
-3.147580,23.801900,-91.768845
-3.460690,24.137000,-91.604884
-3.032230,24.620400,-90.587845
-1.351320,25.658600,-88.764845
-0.906372,25.741000,-88.780545
-0.587769,25.510300,-89.225450
-0.093384,24.933500,-89.983500
0.510864,23.933700,-90.862435
0.714111,22.543900,-91.735835
0.681152,21.198100,-92.208335
1.093140,19.379900,-91.444733
1.367800,19.094200,-90.928373
1.691890,19.478800,-91.005234
1.884160,20.363200,-91.829234
2.048950,21.275000,-93.092723
2.724610,21.906700,-94.455234
3.493650,22.697800,-95.866733
2.977290,24.246800,-98.316733
2.669680,24.587400,-99.014334
2.570800,24.713700,-99.679433
2.362060,24.691800,-100.333335
2.043460,24.614900,-100.783335
1.895140,24.422600,-100.778335
1.900630,23.917200,-99.788833
1.972050,23.582200,-99.135133
2.081910,23.164700,-98.486934
2.345580,22.681300,-97.822333
2.850950,22.225300,-97.146633
3.504640,21.862800,-96.547933
4.262700,21.555200,-96.064593
5.059200,21.258500,-95.614593
4.553830,21.676000,-96.212863
3.339840,22.522000,-96.784163
2.285160,23.043800,-96.806634
1.598510,23.203100,-96.454533
1.170040,22.972400,-95.740433
0.747070,22.362700,-94.899934
0.357056,21.253100,-94.119935
0.043945,18.017600,-93.839750
-0.351563,17.072800,-94.021750
-0.758057,16.875000,-94.108975
-1.208500,17.089200,-94.114497
-1.845700,17.534200,-93.828797
-2.455440,18.143900,-93.208975
-2.982790,18.737200,-92.439975
-4.619750,19.841300,-90.351675
-4.938350,20.742200,-88.917875
-4.597780,21.588100,-87.445775
-4.158330,22.121000,-86.544877
-3.620000,23.197600,-85.830722
-3.433230,23.631600,-85.611875
-3.301390,24.016100,-85.534175
-3.279420,24.301800,-85.715375
-3.262940,24.439100,-86.077975
-3.224490,24.450100,-86.550375
-3.235470,24.356700,-87.242475
-3.647460,24.005100,-88.978375
-3.955080,23.818400,-89.884675
-4.339600,23.812900,-90.626267
-4.779050,23.972200,-90.950375
-4.768070,24.307300,-90.450475
-3.812260,24.911500,-88.917875
-2.510380,25.790400,-87.379875
-1.625980,26.257300,-86.704175
-0.692139,26.416600,-87.110650
-0.060425,25.900300,-87.984500
0.697632,24.900500,-89.137645
1.104130,23.543700,-90.313164
1.235960,21.934200,-90.889965
1.625980,20.604900,-90.565865
2.092900,19.473300,-89.653986
3.186040,19.121700,-88.143365
3.614500,19.846800,-88.681636
3.707890,20.747700,-89.846265
3.603520,21.560700,-91.461264
3.922120,22.088000,-93.010326
4.932860,22.417600,-94.141864
5.075680,24.180900,-96.553365
4.779050,24.752200,-97.207364
4.636230,25.153200,-97.701465
4.339600,25.224600,-98.195846
3.861690,25.180700,-98.635364
3.625490,24.768700,-98.536464
3.537600,24.296300,-97.943146
3.504640,23.576700,-96.619365
3.526610,23.131700,-96.020565
3.702390,22.604400,-95.394364
4.125370,22.148400,-94.806564
5.509640,21.428800,-93.735465
6.262210,21.060800,-93.197464
6.157840,21.082800,-93.372865
5.020750,21.906700,-94.295765
3.746340,22.692300,-94.702164
2.526860,23.142700,-94.839564
1.686400,23.203100,-94.762656
1.060180,22.033100,-93.685964
0.730591,20.758700,-93.037745
0.516357,18.880000,-92.894977
0.142822,17.446300,-93.142145
-0.351562,16.781600,-93.504650
-0.703125,16.902500,-93.812350
-1.367800,17.385900,-94.018124
-3.015750,18.621800,-93.268435
-3.477170,18.951400,-92.460935
-3.751830,19.022800,-91.686435
-4.636230,19.445800,-90.966835
-4.943850,20.456500,-89.280435
-4.542850,21.478300,-87.659935
-3.949580,22.186900,-86.978835
-3.251950,23.604100,-86.017535
-2.905880,24.038100,-85.737335
-2.592770,24.373200,-85.583535
-2.400510,24.510500,-85.660435
-2.274170,24.549000,-85.929643
-2.169800,24.472000,-86.418564
-2.015990,24.334700,-87.786335
-2.235720,24.208400,-88.610235
-2.493900,24.038100,-89.423224
-2.817990,24.016100,-90.022235
-3.268430,24.142500,-90.280235
-3.757320,24.307300,-90.351635
-2.702640,25.087300,-87.973535
-1.636960,25.713500,-86.665635
-1.137080,25.883800,-86.286635
-0.780029,25.801400,-86.220750
-0.422974,25.351000,-86.627275
0.104370,24.549000,-87.215273
0.527344,23.159200,-87.989575
1.104130,20.297200,-88.566378
1.653440,19.314000,-87.896138
2.114870,18.726200,-87.154578
2.548830,18.654800,-86.704178
2.922360,19.209600,-87.022778
3.109130,20.264300,-88.028778
3.010250,21.406900,-89.533177
3.131100,22.027600,-91.098618
4.625240,23.494300,-93.795878
4.306640,24.285300,-95.119677
3.867190,24.884000,-95.954668
3.773800,25.279500,-96.586368
3.592530,25.477300,-97.267578
3.191530,25.499300,-97.822378
2.872920,25.394900,-97.932177
2.850950,24.950000,-96.712638
2.916870,24.603900,-95.899777
2.905880,24.158900,-95.141678
3.103640,23.670000,-94.405517
3.576050,23.175700,-93.680477
4.240720,22.774700,-93.032278
4.998780,22.373700,-92.452277
5.504150,21.972700,-92.493977
4.350590,22.615400,-93.663978
3.087160,23.214100,-94.257278
1.955570,23.400900,-94.581378
1.263430,23.274500,-94.471478
0.812988,22.730700,-94.032775
0.521851,21.632100,-93.345375
0.203247,18.023100,-92.971875
-0.170288,16.803600,-93.295950
-0.571289,16.369600,-93.493750
-1.038210,16.380600,-93.592575
-1.697390,16.616800,-93.537675
-2.400510,17.072800,-93.241675
-2.839970,17.666000,-92.482968
-3.142090,18.083500,-91.604675
-4.345090,18.841600,-89.269475
-4.476930,19.791900,-87.473175
-4.097900,20.511500,-86.072418
-3.652950,21.071800,-85.413275
-3.334350,21.692500,-84.957375
-3.081670,22.203400,-84.539875
-2.631230,23.005400,-84.001575
-2.521360,23.302000,-84.067458
-2.427980,23.466800,-84.331175
-2.362060,23.538200,-84.787175
-2.367550,23.516200,-85.501175
-2.548830,23.378900,-86.396575
-3.142090,23.060300,-88.385375
-3.559570,23.142700,-89.192575
-4.108890,23.395400,-89.632575
-4.482420,23.752400,-89.395875
-4.185790,24.142500,-88.209275
-2.197270,25.252100,-85.336375
-1.461180,25.356400,-84.726675
-0.955811,25.147700,-84.578250
-0.554810,24.636800,-85.006725
0.000000,23.790900,-85.885685
0.455933,22.384600,-86.890925
0.604248,20.764200,-87.670925
1.148070,18.248300,-87.511673
1.538090,17.638500,-87.116173
1.961060,17.682500,-87.017273
2.362060,18.248300,-87.473173
2.653200,19.110700,-88.500417
2.724610,19.984100,-89.912172
2.779540,20.555400,-91.598573
3.966060,21.928700,-94.696772
3.718870,22.818600,-96.075473
3.328860,23.455800,-96.926973
3.147580,23.950200,-97.481773
3.015750,24.158900,-97.904773
2.697140,24.115000,-98.168377
2.433470,23.977700,-98.085972
2.367550,23.609600,-96.844572
2.416990,23.302000,-96.015457
2.460940,22.923000,-95.207557
2.697140,22.533000,-94.407557
3.235470,22.197900,-93.581572
4.740600,21.533200,-92.131357
5.575560,21.247600,-91.560172
5.888670,21.209100,-91.532673
5.185550,21.780400,-92.290672
4.026490,22.642800,-92.900473
2.834470,23.120700,-93.087272
1.900630,23.181200,-93.026773
1.104130,22.401100,-92.005773
0.895386,21.456300,-91.384325
0.681152,20.132400,-90.906425
0.543823,18.347200,-90.758125
0.241699,16.929900,-90.703125
-0.203247,16.248800,-90.653750
-0.615234,16.215800,-90.703150
-2.120360,16.886000,-90.604252
-2.702640,17.243000,-90.109951
-3.235470,17.484700,-89.379315
-3.883670,17.885700,-88.313615
-4.454960,18.347200,-86.814615
-4.597780,19.105200,-85.270415
-3.729860,20.143400,-83.660915
-3.438720,20.582900,-83.529115
-3.323360,20.945400,-83.507115
-3.109130,21.187100,-83.547115
-2.889400,21.324500,-83.715812
-2.785030,21.264000,-84.177211
-2.746580,21.170700,-84.726615
-2.675170,21.044300,-86.050415
-2.828980,20.918000,-86.874442
-3.026730,20.758700,-87.648915
-3.295900,20.709200,-88.302691
-3.696900,20.918000,-88.692669
-4.246220,21.275000,-88.813592
-4.713130,21.549700,-88.698115
-4.515380,21.978100,-88.044415
-3.367310,22.697800,-86.874415
-2.378540,23.236100,-86.500915
-1.170040,23.164700,-87.528115
-0.148315,21.231100,-89.505650
0.098877,19.885300,-89.945165
0.263672,18.726200,-89.917665
0.477905,17.979100,-89.505665
0.697632,17.902200,-88.989365
1.082150,18.237300,-88.736637
1.538090,19.000900,-89.049736
1.994020,20.885000,-91.175574
2.581790,21.472800,-92.268737
3.652950,22.368200,-93.241737
3.554080,23.483300,-94.779137
3.015750,24.175400,-95.932637
2.647710,24.614900,-96.729136
2.334590,25.142200,-98.377137
1.988530,25.318000,-99.228514
1.867680,25.400400,-99.525137
1.867680,25.405900,-99.288937
1.889650,25.356400,-98.816536
1.999510,25.175200,-98.135436
2.037960,24.878500,-97.481736
2.147830,24.527000,-96.844574
2.565310,24.098500,-96.097437
3.993530,23.345900,-94.630736
4.817500,23.065800,-94.086974
5.092160,22.840600,-94.141836
3.966060,23.527200,-95.707437
2.823490,24.252300,-96.470936
1.713870,24.384200,-96.696236
0.774536,23.966700,-95.202365
0.433960,23.016400,-94.196837
-0.000000,21.824300,-93.488200
-0.049439,19.912700,-93.257482
-0.126343,18.160400,-93.372848
-0.571289,17.078200,-93.768348
-1.043700,16.836500,-94.136483
-2.230220,17.100200,-94.383535
-2.790530,17.413300,-93.850735
-3.098140,17.528700,-92.900435
-3.136600,17.583600,-91.669943
-3.559570,17.710000,-90.219794
-4.251710,18.259300,-88.747635
-3.729860,19.780900,-85.567635
-3.444210,20.313700,-85.133135
-3.301390,20.786100,-84.819935
-3.142090,21.159700,-84.550835
-2.807010,21.335400,-84.391535
-2.647710,21.264000,-84.528853
-2.444460,21.214600,-85.457235
-2.395020,21.143200,-86.176835
-2.477420,21.049800,-86.978835
-2.713620,20.901500,-87.868735
-2.955320,20.753200,-88.676135
-3.284910,20.780600,-89.280435
-3.823240,20.967400,-89.670435
-4.982300,21.417800,-89.758373
-4.586790,21.829800,-88.978335
-3.433230,22.697800,-87.786335
-2.554320,23.087800,-87.720335
-1.928100,23.219600,-88.093933
-1.488650,22.966900,-88.956335
-0.609741,21.209100,-91.367848
-0.444946,19.846800,-91.977548
-0.291138,18.616300,-91.983548
0.021973,17.693500,-91.615548
0.340576,17.369400,-91.142655
0.697632,17.589100,-90.714155
1.159060,18.215300,-90.675715
1.917110,19.973100,-92.147815
2.351070,20.412600,-93.306915
3.532100,21.033300,-94.339692
3.938600,22.093500,-95.690992
3.510130,22.890000,-96.910499
2.944340,23.389900,-97.827815
2.807010,23.768900,-98.712215
2.252200,24.126000,-100.453442
1.994020,24.098500,-100.673155
1.884160,24.005100,-100.355155
1.823730,23.845800,-99.722915
1.812740,23.604100,-98.986815
1.939090,22.802100,-97.410315
2.230220,22.390100,-96.685215
2.757570,22.066000,-96.042522
3.449710,21.857300,-95.553615
4.136350,21.604600,-95.273415
4.828490,21.423300,-95.042715
4.855960,21.472800,-95.300915
2.933350,22.840600,-96.234715
2.114870,23.142700,-95.647715
1.527100,23.076800,-94.669272
1.016240,22.587900,-93.614515
0.450439,21.731000,-92.757615
0.302124,20.280800,-92.169855
0.450439,18.616300,-92.131355
0.192261,17.248500,-92.521455
-0.856934,16.556400,-93.213548
-1.505130,16.897000,-93.197135
-2.164310,17.413300,-92.686255
-2.735600,17.737400,-91.911625
-3.301390,17.929700,-90.928355
-3.982540,18.330700,-89.621355
-4.411010,19.907200,-86.890955
-4.103390,20.511500,-85.836255
-3.746340,20.989400,-85.281455
-3.521120,21.472800,-85.023255
-3.416750,21.884800,-84.924355
-3.284910,22.088000,-84.957335
-3.169560,22.219800,-85.127655
-3.103640,22.285800,-85.462655
-3.070680,22.258300,-85.863655
-3.180540,21.956200,-87.050255
-3.383790,21.714500,-87.852255
-3.636470,21.423300,-88.720155
-3.955080,21.253100,-89.472755
-4.411010,21.275000,-90.027575
-4.943850,21.406900,-90.324155
-5.213010,21.577100,-90.126355
-4.542850,22.132000,-89.016735
-3.334350,22.923000,-87.819235
-1.576540,23.247100,-87.544655
-1.021730,22.780200,-88.017655
-0.604248,21.731000,-88.753155
-0.351563,20.346700,-89.362848
-0.170288,18.896500,-89.612848
0.027466,17.649500,-89.527648
0.197754,17.122200,-89.214565
0.510864,17.341900,-88.906965
1.521610,19.033800,-89.489196
1.807250,19.984100,-90.516496
2.098390,20.544400,-91.763396
2.922360,21.176100,-92.960896
3.526610,22.280300,-94.356196
3.164060,23.197600,-95.833796
2.515870,23.730500,-96.871996
2.081910,24.686300,-98.530996
1.768800,24.917000,-99.278310
1.455690,24.999400,-99.640596
1.290890,24.977400,-99.448296
1.224980,24.884000,-98.833830
1.252440,24.686300,-98.036596
1.345830,24.054600,-96.427596
1.549070,23.714000,-95.696460
1.999510,23.356900,-94.993396
2.614750,23.054800,-94.411396
3.345340,22.747200,-93.982596
4.130860,22.434100,-93.669496
3.674930,22.934000,-94.856070
2.647710,23.543700,-95.344896
1.631470,23.774400,-95.377896
0.867920,23.653600,-95.267996
0.368042,23.192100,-94.877965
-0.054932,22.335200,-94.235282
-0.329590,21.093800,-93.504653
-0.362549,17.841800,-93.180528
-0.675659,17.012300,-93.312428
-1.027220,16.847500,-93.367343
-1.538090,17.039800,-93.317943
-2.136840,17.512200,-92.768643
-2.581790,18.023100,-91.669943
-2.955320,18.429600,-90.560343
-3.554080,18.907500,-89.758343
-4.262700,19.396400,-89.055234
-3.977050,20.912500,-87.061243
-3.383790,21.461800,-86.506343
-2.905880,21.994600,-85.863643
-2.647710,22.417600,-85.213643
-2.411500,22.818600,-84.781564
-2.202760,23.115200,-84.583743
-2.142330,23.247100,-84.704643
-1.966550,23.483300,-84.979243
-1.939090,23.472300,-85.308843
-2.092900,23.362400,-85.770384
-2.384030,23.131700,-86.220743
-2.713620,22.862500,-86.643743
-3.032230,22.615400,-86.896443
-3.460690,22.390100,-86.956843
-3.911130,22.088000,-86.879984
-4.015500,21.681500,-86.616284
-2.175290,21.752900,-85.550543
-1.318360,22.142900,-85.649443
