-0.697632,21.796900,-89.802200
-0.714111,21.807900,-89.725300
-0.714111,21.813400,-89.714400
-0.692139,21.802400,-89.835200
-0.708618,21.796900,-89.824200
-0.955811,21.780400,-89.544100
-1.159060,21.758400,-89.307910
-1.367800,21.703500,-88.923391
-1.543580,21.610100,-88.379510
-1.571040,21.577100,-87.242410
-1.417240,21.692500,-86.704110
-1.290890,21.835300,-86.303110
-1.285400,21.873800,-85.578311
-1.208500,21.879300,-84.803511
-1.082150,21.950700,-83.842210
-0.604248,22.093500,-82.371700
-0.422974,22.115500,-81.859100
-0.494385,22.093500,-81.320800
-0.488892,22.027600,-81.183500
-0.318604,21.901200,-81.139500
-0.296631,21.780400,-81.447100
-0.362549,21.643100,-81.897600
-0.527344,21.483800,-82.337600
-1.203000,21.044300,-83.117150
-1.708370,20.868500,-83.490660
-2.351070,20.791600,-83.853160
-3.158570,20.846600,-84.177260
-4.031980,20.989400,-84.457460
-5.734860,21.593600,-84.924360
-6.448970,21.862800,-85.144360
-6.707150,22.208900,-85.094660
-6.058960,22.719700,-84.622260
-5.399780,23.093300,-84.852960
-5.042720,23.208600,-85.902160
-4.702150,23.104200,-87.165560
-4.070430,22.099000,-89.500156
-3.548580,21.148700,-90.488960
-3.076170,19.907200,-91.400860
-3.037720,18.446000,-91.955686
-2.752080,17.199100,-91.708460
-2.153320,16.265300,-91.367860
-1.483150,15.908200,-91.395360
-0.796509,16.215800,-91.538100
-0.098877,16.880500,-91.730300
1.669920,18.462500,-92.274263
3.026730,19.083300,-93.131163
4.251710,19.786400,-94.455163
4.812010,20.670800,-95.712963
4.608760,21.533200,-96.899463
4.504390,22.121000,-97.932146
4.663700,22.516500,-98.712246
4.938350,23.071300,-99.475763
4.987790,23.043800,-99.008863
5.081180,22.884500,-97.992663
5.092160,22.686800,-96.839663
5.053710,22.494500,-95.778863
5.020750,22.192400,-94.768163
5.119630,21.857300,-93.790363
6.053470,21.461800,-92.114963
6.696170,21.236600,-91.658963
6.767580,21.242100,-91.856763
5.740360,22.099000,-92.977376
4.389040,23.027300,-93.713463
3.279420,23.642600,-93.795863
2.373050,23.746900,-93.647563
1.142580,22.912000,-92.625796
0.609741,21.950700,-91.840230
0.219727,20.462000,-91.104123
0.225220,18.605300,-90.368123
-0.263672,17.298000,-89.961530
-0.681152,16.897000,-89.686930
-1.054690,17.094700,-89.741830
-2.592770,17.896700,-90.274730
-3.279420,18.297700,-90.115430
-4.048460,18.566900,-89.923130
-5.015260,19.143700,-89.439730
-5.861210,19.813800,-88.319130
-6.009520,20.939900,-86.929330
-5.625000,21.824300,-85.973593
-5.163570,22.445100,-85.792230
-4.779050,23.428300,-85.715330
-4.564820,23.686500,-85.819730
-4.454960,23.812900,-86.187730
-4.356080,23.796400,-86.792730
-4.235230,23.774400,-87.280930
-4.092410,23.659100,-87.786330
-4.092410,23.466800,-88.461930
-4.191280,23.280000,-89.224619
-4.619750,23.109700,-90.769430
-4.993290,23.280000,-91.197594
-5.388790,23.516200,-91.356830
-4.301150,24.735700,-88.956330
-4.301150,24.735700,-88.956330
-3.043210,25.708000,-87.605633
-2.125850,25.746500,-87.132630
-1.054690,25.131200,-87.561130
-0.571289,24.126000,-88.527830
-0.098877,22.560400,-89.725300
0.032959,21.027800,-90.835530
0.203247,19.583100,-91.373330
0.554810,18.819600,-91.279933
0.994263,18.781100,-90.686630
1.972050,20.077500,-89.758363
2.257690,20.923500,-90.120863
2.367550,21.785900,-91.032763
3.955080,23.170200,-93.400363
3.955080,23.170200,-93.400363
3.510130,24.164400,-94.856363
2.960820,24.851100,-95.778863
2.559810,25.653100,-97.454263
2.345580,25.680500,-97.838763
2.164310,25.719000,-97.954176
2.312620,25.367400,-96.970863
2.312620,25.367400,-96.970863
2.444460,24.631300,-95.224863
2.477420,24.318200,-94.306663
2.741090,23.999600,-93.273963
3.202510,23.736000,-92.312696
3.867190,23.389900,-91.477763
5.388790,22.730700,-90.423763
5.048220,22.988900,-91.236763
3.856200,23.736000,-92.477468
2.532350,24.230300,-93.213563
1.516110,24.428100,-93.383863
0.840454,24.378700,-93.015730
0.082397,22.763700,-91.285400
-0.203247,21.225600,-90.461400
-0.379028,19.484300,-89.873700
-0.752563,18.094500,-89.527600
-1.159060,17.528700,-89.395860
-1.636960,17.594600,-89.653960
-2.235720,17.891200,-90.065960
-2.944340,18.281300,-90.197860
-3.938600,18.808600,-89.291426
-4.383540,19.066800,-88.714660
-5.295410,19.671000,-87.984466
-5.542600,20.769700,-86.511866
-5.262450,21.796900,-85.248460
-4.707640,22.500000,-84.688148
-4.240720,23.087800,-84.320160
-3.729860,23.796400,-83.853160
-3.581540,23.922700,-84.001560
-3.455200,23.928200,-84.440956
-3.367310,23.900800,-84.951860
-3.246460,23.823900,-85.479160
-3.208010,23.719500,-86.044960
-3.559570,23.340500,-87.280960
-3.806760,23.164700,-87.868760
-4.163820,23.181200,-88.330160
-4.614260,23.280000,-88.566302
-4.921880,23.538200,-88.390560
-4.520870,23.939200,-87.231460
-3.312380,24.658800,-85.534160
-1.620480,25.147700,-84.440960
-1.054690,24.911500,-84.765960
-0.516357,24.318200,-85.446200
-0.159302,23.093300,-86.418500
0.021973,21.577100,-87.429200
0.076904,19.995100,-88.258700
0.252686,18.682300,-88.659770
0.538330,17.990100,-88.643277
1.384280,18.407600,-88.412597
1.757810,19.011800,-88.698197
1.950070,19.671000,-89.340820
2.087400,20.280800,-90.379820
2.730100,20.753200,-91.549120
3.301390,21.549700,-92.779597
3.037720,22.533000,-94.103460
2.482910,23.296500,-95.235597
2.131350,23.867800,-96.168897
1.653440,24.329200,-97.251597
1.411740,24.202900,-97.234597
1.279910,23.950200,-96.789697
1.241460,23.648100,-96.091997
1.257930,23.324000,-95.290000
1.296390,22.961400,-94.394597
1.400760,22.604400,-93.433297
1.658940,22.329700,-92.471997
2.790530,21.857300,-90.988897
3.548580,21.516700,-90.593397
4.301150,21.154200,-90.351697
4.328610,21.220100,-90.752697
3.427730,21.890300,-91.582697
2.175290,22.439600,-92.054497
1.104130,22.637300,-92.043597
0.104370,21.763900,-90.807517
-0.159302,20.517000,-90.137370
-0.214233,18.945900,-89.626500
-0.230713,17.578100,-89.126600
-0.368042,16.875000,-88.698160
-0.576782,16.935400,-88.538800
-0.977783,17.363900,-88.621200
-1.653440,17.896700,-88.676120
-3.026730,18.748200,-88.033420
-3.718870,19.083300,-87.489620
-4.202270,19.819300,-86.478920
-4.130860,20.797100,-85.089120
-3.740840,21.582600,-83.996120
-3.328860,22.159400,-83.518120
-3.026730,22.686800,-83.265420
-2.944340,23.175700,-83.100620
-3.004760,23.752400,-83.325820
-3.087160,23.862300,-83.732320
-3.131100,23.895300,-84.133332
-3.208010,23.862300,-84.616720
-3.394780,23.741500,-85.253920
-3.746340,23.488800,-86.044920
-4.196780,23.153700,-86.907320
-4.647220,22.917500,-87.681920
-5.152590,22.890000,-88.280619
-5.625000,23.307500,-87.819233
-4.542850,23.873300,-85.891120
-3.224490,24.647800,-84.188220
-2.378540,24.884000,-83.386222
-1.730350,24.801600,-82.996220
-1.268920,24.411600,-83.210420
-0.758057,23.510700,-83.930100
-0.357056,20.330200,-86.215200
-0.225220,18.797600,-87.066720
0.032959,17.671500,-87.539120
0.439453,17.309000,-87.583912
0.977783,17.473800,-87.445720
1.538090,18.045000,-87.302957
1.972050,18.896500,-87.434772
2.493900,20.055500,-88.928857
3.279420,20.308200,-90.126372
4.015500,21.214600,-91.367837
3.652950,22.236300,-92.746672
3.125610,22.999900,-93.812372
2.856450,23.521700,-94.740672
2.757570,23.790900,-95.372372
2.526860,23.873300,-95.712972
2.252200,23.488800,-94.938417
2.241210,23.219600,-94.015572
2.219240,22.966900,-93.103672
2.208250,22.664800,-92.180872
2.285160,22.335200,-91.246972
2.576290,22.044100,-90.335172
3.103640,21.851800,-89.516672
3.806760,21.577100,-88.895972
5.070190,21.170700,-88.368572
4.542850,21.516700,-89.011272
3.224490,22.412100,-89.895672
1.966550,22.988900,-90.011672
0.900879,23.093300,-89.939620
0.274658,22.895500,-89.456220
-0.126343,22.110000,-88.764622
-0.258179,20.780600,-88.060900
-0.351562,17.682500,-87.204900
-0.664673,17.056300,-86.989700
-1.010740,17.083700,-86.973370
-1.582030,17.413300,-87.165570
-2.285160,17.984600,-87.187570
-2.911380,18.643800,-86.918370
-3.488160,19.099700,-86.566870
-4.295650,19.621600,-86.187770
-5.020750,21.357400,-83.474170
-4.707640,22.099000,-82.309617
-4.443970,22.670300,-81.991170
-4.224240,23.214100,-81.732870
-4.125370,23.670000,-81.491129
-3.993530,23.856800,-81.535870
-3.966060,23.911700,-81.947870
-4.037480,23.911700,-82.974270
-3.988040,23.812900,-83.386270
-4.169310,23.631600,-84.056470
-4.476930,23.285500,-84.803570
-4.877930,22.868000,-85.611357
-5.251460,22.516500,-86.336170
-5.751340,22.467000,-86.863417
-6.333620,22.533000,-87.154517
-5.476680,23.263500,-85.217570
-4.246220,24.230300,-84.149870
-3.400270,24.543500,-84.061970
-3.015750,24.669800,-84.704670
-2.636720,24.329200,-85.841770
-1.911620,23.499800,-87.061270
-1.131590,22.296800,-88.346670
-1.065670,18.786600,-90.302170
-1.065670,18.786600,-90.302170
-0.494385,17.083700,-90.142800
-0.027466,17.254000,-89.714400
0.444946,17.649500,-89.505640
0.994263,18.336200,-89.412240
1.499630,19.270000,-89.582512
2.263180,20.121500,-90.230724
4.169310,21.560700,-93.125624
3.850710,22.571400,-94.685724
3.273930,23.159200,-96.185324
3.328860,23.670000,-97.305953
3.411250,23.911700,-98.168324
3.180540,23.884300,-98.646224
2.916870,23.779900,-98.734124
2.872920,23.664600,-97.514624
2.713620,23.538200,-96.729124
2.614750,23.302000,-95.888712
2.664180,22.994400,-95.053724
2.938840,22.576900,-94.218824
3.449710,22.214400,-93.460724
4.169310,21.967200,-92.818724
4.866940,21.643100,-92.307124
4.597780,21.807900,-92.779524
3.224490,22.659300,-93.680424
1.873170,23.203100,-94.163824
0.840454,23.373400,-94.394540
0.192261,23.115200,-94.389540
-0.230713,22.362700,-94.097900
-0.428467,19.209600,-93.076200
-0.521851,17.836300,-92.510400
-0.714111,17.232100,-92.043500
-0.939331,17.243000,-91.741350
-1.444700,17.523200,-91.768835
-2.213750,18.176900,-91.840250
-2.883910,18.874500,-91.598550
-3.999020,19.824800,-90.736150
-4.663700,20.648800,-89.956115
-4.641720,21.731000,-88.549815
-4.356080,22.626300,-87.572150
-3.933110,23.318500,-87.105150
-3.592530,23.878800,-86.792150
-3.416750,24.384200,-86.594250
-3.339840,25.136700,-86.781350
-3.367310,25.224600,-87.088650
-3.356320,25.224600,-87.368850
-3.356320,25.120200,-87.764350
-3.521120,24.922500,-88.401550
-4.251710,24.120500,-90.104450
-4.251710,24.120500,-90.104450
-5.103150,23.686500,-91.680950
-5.690920,23.834800,-92.202850
-5.872190,24.093000,-91.972285
-4.971310,24.543500,-90.362550
-3.647460,25.224600,-88.538850
-2.664180,25.499300,-87.517150
-1.658940,25.109300,-87.605550
-1.126100,24.384200,-88.335655
-0.593262,23.197600,-89.335300
-0.466919,21.384900,-90.439500
-0.466919,19.522700,-91.290900
-0.368042,17.957200,-91.757800
-0.159302,17.210100,-91.878700
0.763550,17.061800,-91.664477
1.230470,17.391400,-91.724977
1.560060,17.935200,-92.158877
1.675420,18.572400,-93.054277
1.955570,18.814100,-94.317677
2.763060,19.275500,-95.679977
2.916870,20.225800,-97.256577
2.076420,21.709000,-99.684488
1.878660,22.181400,-100.421770
1.763310,22.395600,-100.827770
1.483150,22.379200,-101.037770
1.219480,22.153900,-100.816770
1.093140,21.533200,-99.184677
1.098630,21.275000,-98.261768
1.087650,21.071800,-97.327977
1.192020,20.939900,-96.383177
1.516110,20.852100,-95.526177
2.048950,20.775100,-94.845177
2.768550,20.621300,-94.389177
3.581540,20.445600,-94.147377
4.092410,20.626800,-94.185877
3.081670,21.450800,-94.564877
1.873170,22.126500,-94.504477
0.900879,22.445100,-94.054770
0.318604,22.318700,-93.323470
-0.433960,20.489500,-91.884290
-0.433960,18.940400,-91.373390
-0.433960,17.666000,-90.928339
-0.620728,17.061800,-90.703100
-0.845947,17.171600,-90.598800
-1.268920,17.710000,-90.554899
-1.999510,18.385600,-90.494480
-2.839970,18.967900,-90.252780
-4.509890,19.758900,-89.181580
-4.954830,20.549900,-87.973580
-4.817500,21.472800,-86.665658
-4.476930,22.203400,-85.929680
-4.114380,22.796600,-85.660480
-3.872680,23.285500,-85.506680
-3.823240,23.675500,-85.457280
-3.845210,23.928200,-85.556280
-3.828740,24.016100,-85.993280
-3.768310,23.900800,-86.270180
-3.795780,23.681000,-86.748018
-3.988040,23.373400,-87.407280
-4.284670,22.966900,-88.154380
-4.619750,22.554900,-88.912480
-5.471190,22.263800,-89.945180
-5.976560,22.307700,-90.087980
-6.015010,22.445100,-89.670480
-5.141600,22.988900,-88.494948
-3.927610,23.714000,-87.418248
-2.999270,24.021600,-87.088680
-2.296140,23.922700,-87.231480
-1.351320,22.576900,-88.725680
-1.065670,21.137700,-89.593580
-0.889893,19.423800,-90.247200
-0.659180,17.841800,-90.785520
-0.324097,16.853000,-91.109620
0.126343,16.677200,-90.939320
0.631714,16.902500,-90.620720
1.142580,17.380400,-90.538372
1.796260,18.748200,-91.647972
2.098390,19.462300,-92.587372
2.790530,20.143400,-93.680472
3.460690,21.297000,-95.053747
3.092650,22.417600,-96.707272
2.477420,23.137200,-97.976172
2.070920,23.730500,-99.058272
1.933590,24.164400,-99.865772
1.680910,24.417100,-100.475720
1.263430,24.378700,-100.399720
1.208500,24.296300,-99.755997
1.170040,24.197400,-99.025372
1.197510,24.032600,-98.168372
1.576540,23.450300,-96.135972
2.103880,23.186600,-95.075772
2.774050,22.972400,-94.180372
3.493650,22.725200,-93.581572
4.031980,22.549400,-93.378372
3.718870,22.769200,-94.015572
2.559810,23.609600,-95.224572
0.505371,24.142500,-95.636720
0.076904,23.917200,-95.015300
-0.269165,23.203100,-94.229700
-0.626221,22.060500,-93.290400
-0.747070,20.434600,-92.340140
-0.697632,18.649300,-91.549100
-0.911865,17.506700,-91.153600
-1.823730,17.243000,-91.400866
-2.510380,17.550700,-91.763360
-3.142090,17.924200,-91.779860
-3.554080,18.176900,-91.444760
-3.790280,18.424100,-90.824760
-4.262700,18.764600,-89.928676
-4.735110,19.407300,-88.676160
-4.674680,20.374100,-87.220560
-4.460450,21.093800,-86.264660
-4.097900,21.983600,-85.660466
-3.933110,22.252800,-85.556660
-3.779300,22.379200,-85.660466
-3.751830,22.335200,-86.138360
-3.757320,22.186900,-86.841460
-3.768310,22.027600,-87.467760
-4.042970,21.648600,-88.846460
-4.416500,21.330000,-89.593546
-4.812010,20.912500,-90.318660
-5.224000,20.621300,-90.802187
-5.806270,20.577400,-91.082260
-6.421510,20.802600,-91.175560
-6.696170,21.132200,-91.071260
-4.141850,23.082300,-88.758560
-3.043210,23.230600,-88.637760
-2.460940,23.126200,-88.956360
-2.169800,22.533000,-89.752864
-1.746830,21.582600,-90.835360
-1.516110,19.797400,-91.708460
-1.647950,17.957200,-92.510460
-1.576540,16.517900,-93.323460
-1.115110,16.144400,-93.581560
-0.071411,16.534400,-93.076200
0.406494,17.089200,-92.949862
0.823975,18.050500,-93.345362
1.345830,19.088700,-93.977136
2.208250,19.802900,-94.976836
2.856450,20.720200,-96.466836
2.054440,22.593400,-99.354936
1.818240,23.241600,-100.355362
1.922610,23.670000,-101.118554
1.840210,23.983200,-101.662362
1.658940,24.126000,-101.766236
1.730350,24.054600,-101.234362
1.719360,24.021600,-100.563362
1.614990,23.999600,-99.843836
1.845700,23.626100,-98.124434
2.109370,23.258100,-97.201536
2.559810,22.873500,-96.317136
3.301390,22.587900,-95.476736
4.207760,22.368200,-94.850536
4.960330,22.044100,-94.460436
4.713130,22.099000,-94.965844
2.427980,23.653600,-96.295236
1.428220,23.730500,-96.339136
0.829468,23.571200,-96.009562
0.439453,23.010900,-95.416362
-0.016480,22.115500,-94.652700
-0.065918,20.555400,-93.713470
0.247192,18.429600,-92.999347
-0.494385,16.397100,-92.373170
-0.966797,16.397100,-92.521470
-1.702880,16.726700,-93.070747
-2.515870,17.177100,-93.488247
-3.158570,17.638500,-93.510147
-3.696900,17.995600,-93.416715
-4.262700,18.330700,-92.916915
-4.762570,18.583400,-91.752347
-4.828490,19.929200,-89.181547
-4.537350,20.335700,-88.610247
-4.312130,20.621300,-88.423547
-4.191280,20.830100,-88.461947
-4.037480,20.983900,-88.692647
-3.944090,20.769700,-89.653947
-3.927610,20.670800,-90.203247
-3.900150,20.588400,-90.752647
-4.037480,20.489500,-91.384347
-4.361570,20.280800,-92.021547
-4.762570,19.967700,-92.603847
-5.207520,19.676500,-92.988347
-6.361080,19.918200,-93.356347
-6.959840,20.176400,-93.422247
-6.723630,20.681800,-92.872947
-5.564580,21.720000,-91.796329
-4.372560,22.390100,-91.334847
-3.488160,22.527500,-91.439247
-2.861940,22.175900,-91.900647
-2.169800,19.824800,-93.663965
-2.169800,18.242800,-94.345165
-2.153320,16.787100,-95.009847
-2.021480,15.990600,-95.504247
-1.752320,15.957600,-95.553647
-1.356810,16.375100,-95.355847
-0.455933,17.984600,-95.515170
0.175781,19.066800,-95.844717
1.153560,19.907200,-96.432572
1.977540,20.885000,-97.657557
2.026980,22.027600,-99.245572
1.477660,22.879000,-100.745572
1.038210,23.543700,-102.096717
1.016240,24.516000,-104.453172
1.005250,24.829100,-105.231717
1.027220,25.048800,-105.419717
1.076660,25.279500,-105.271717
1.087650,25.411400,-104.865717
1.142580,25.329000,-104.194572
1.312870,25.065300,-103.354717
1.950070,24.065600,-101.547717
2.543330,23.461300,-100.739717
3.323360,22.939500,-100.029717
4.174800,22.543900,-99.387897
4.823000,22.258300,-99.074790
3.411250,23.247100,-100.865717
2.345580,23.818400,-101.376717
1.477660,23.961200,-101.525717
0.906372,23.851300,-101.382170
0.582275,23.400900,-100.854170
0.313110,22.472500,-100.047417
0.148315,21.016800,-99.151617
-0.285645,17.484700,-98.305770
-0.697632,16.578400,-98.157370
-1.142580,16.325700,-98.267237
-1.779790,16.463000,-98.728624
-2.427980,16.754200,-98.997837
-2.856450,17.144200,-98.816537
-3.092650,17.578100,-98.355137
-4.103390,17.957200,-96.646737
-4.614260,18.451500,-95.158137
-4.636230,19.226100,-93.680437
-4.323120,19.731400,-92.774437
-4.026490,19.973100,-92.411537
-3.812260,20.159900,-92.197337
-3.658450,20.302700,-92.246737
-3.510130,20.467500,-93.191537
-3.532100,20.429100,-93.900154
-3.499150,20.401600,-94.542837
-3.499150,20.352200,-95.152637
-3.674930,20.192900,-95.784337
-4.411010,19.588600,-96.943437
-4.916380,19.528200,-97.272937
-5.531620,19.813800,-97.459737
-6.179810,20.209400,-97.597737
-6.416020,20.665300,-97.421337
-5.635990,21.544200,-96.492937
-4.389040,22.456100,-95.663537
-2.741090,22.565900,-95.789837
-2.312620,21.890300,-96.273237
-1.944580,20.681800,-96.904937
-1.735840,19.176600,-97.531137
-1.680910,17.638500,-98.157337
-1.658940,16.413600,-98.684737
-1.252440,16.325700,-98.662737
-0.823975,16.918900,-98.514470
-0.401001,17.737400,-98.624370
0.076904,18.808600,-98.909970
0.845947,19.868800,-99.376897
1.807250,20.835600,-100.196897
2.504880,21.901200,-101.695897
1.735840,23.796400,-105.095897
1.400760,24.444600,-106.436897
1.433720,24.895000,-107.512690
1.367800,25.246600,-108.528690
1.213990,25.455300,-109.248897
1.153560,25.543200,-109.435897
1.192020,25.603600,-109.149897
1.192020,25.592700,-107.985897
1.378780,25.334500,-107.106897
1.625980,24.895000,-106.084690
2.015990,24.384200,-105.095897
3.367310,23.340500,-103.206897
3.367310,23.340500,-103.206897
4.411010,22.862500,-102.442897
3.603520,23.241600,-103.376897
2.460940,23.873300,-104.161897
1.378780,24.093000,-104.458190
0.675659,23.950200,-104.409970
0.098877,22.379200,-103.101970
-0.137329,20.819100,-102.162700
-0.148315,18.753700,-101.376700
-0.291138,17.182600,-100.876700
-0.620728,16.490500,-100.662700
-1.499630,16.754200,-101.019270
-2.098390,17.122200,-101.234270
-2.592770,17.594600,-101.003270
-2.861940,17.990100,-100.486270
-2.982790,18.209800,-99.821827
-3.257450,18.248300,-98.937427
-3.669430,18.803100,-97.833327
-3.603520,19.687500,-96.553327
-3.334350,20.258800,-95.850227
-2.812500,21.362900,-95.147163
-2.675170,21.791400,-94.921927
-2.537840,22.132000,-94.916493
-2.537840,22.368200,-95.163627
-2.614750,22.511000,-95.465763
-2.713620,22.549400,-95.778827
-3.175050,22.582400,-96.646727
-3.685910,22.522000,-97.113673
-4.240720,22.346200,-97.437727
-4.779050,22.164900,-97.569627
-5.383300,22.011100,-97.564163
-5.927120,21.807900,-97.410327
-5.850220,21.478300,-96.877427
-4.801030,21.335400,-95.855727
-3.460690,21.774900,-95.267927
-1.538090,22.686800,-95.289927
