-0.785522,21.340900,-90.889929
-0.807495,21.324500,-90.829529
-0.780029,21.330000,-90.532825
-0.747070,21.335400,-90.587853
-0.752563,21.346400,-90.813629
-0.889893,21.357400,-90.851429
-1.422730,21.335400,-90.505443
-1.724850,21.258500,-89.989443
-2.032470,21.154200,-88.665243
-1.757810,21.115700,-87.857743
-1.466670,21.132200,-87.121643
-1.571040,21.494800,-86.825543
-1.422730,21.659500,-86.814543
-1.054690,21.862800,-86.407543
-0.686646,22.000100,-85.528629
-0.126343,22.219800,-83.188529
0.082397,22.450600,-82.095329
0.104370,22.593400,-81.254953
0.120850,22.675800,-80.408963
0.225220,22.609900,-80.348563
0.357056,22.565900,-80.507833
0.532837,22.318700,-81.342833
0.422974,22.137500,-81.897633
0.230713,21.895800,-82.408433
-0.032959,21.582600,-82.924829
-0.928345,21.121200,-83.968529
-1.593020,21.143200,-84.358553
-2.384030,21.275000,-84.677155
-3.279420,21.527700,-84.918853
-5.136110,21.939700,-85.517653
-5.844730,22.247300,-85.737353
-5.020750,23.027300,-85.270453
-4.531860,23.181200,-85.578453
-4.180300,22.944900,-87.149245
-4.180300,22.944900,-87.149245
-3.537600,21.807900,-88.912445
-2.933350,20.879500,-89.461753
-2.532350,19.533700,-89.659453
-1.472170,17.067300,-88.621253
-0.988770,16.204800,-88.489453
-0.609741,15.836800,-88.747629
0.186768,16.402600,-89.615573
0.494385,17.039800,-90.379573
0.719604,17.770400,-91.257973
1.071170,18.380100,-92.362197
2.757570,20.637800,-95.322997
2.510380,21.961700,-96.937997
1.702880,23.659100,-99.349497
1.713870,24.257800,-100.414973
1.549070,24.724700,-101.552973
0.983276,25.367400,-103.096729
0.758057,25.587200,-103.162729
0.675659,25.779400,-102.772729
0.829468,26.092500,-101.223729
1.203000,26.054100,-99.706412
1.669920,25.894800,-98.997837
2.455440,25.691500,-98.327637
3.312380,25.488300,-97.904737
4.899900,25.416900,-98.042874
4.877930,25.620100,-99.261537
3.301390,26.630900,-102.033373
2.834470,26.746200,-102.645373
2.642210,26.834100,-102.728373
2.510380,26.603400,-102.343373
2.081910,26.120000,-101.909434
0.203247,24.252300,-100.778729
-0.917358,23.071300,-100.113290
-1.142580,20.879500,-99.525133
-1.818240,17.567100,-100.031329
-2.235720,16.891500,-100.926329
-2.636720,16.688200,-101.695329
-3.663940,16.677200,-101.942329
-3.900150,16.842000,-101.349233
-3.510130,17.056300,-99.179133
-3.773800,17.627600,-97.998913
-4.630740,18.528400,-96.679733
-4.773560,19.693000,-94.784573
-4.169310,21.066300,-92.411533
-3.850710,21.604600,-92.081933
-3.828740,22.186900,-92.197333
-3.565060,23.021900,-92.636733
-3.493650,23.153700,-93.306933
-3.724370,23.236100,-93.889233
-4.097900,23.197600,-94.773623
-5.009770,23.087800,-96.454533
-5.548100,22.994400,-97.207453
-6.218260,22.972400,-97.728933
-7.970580,23.291000,-98.734133
-8.717650,23.922700,-98.959433
-7.624510,25.449800,-96.377633
-6.723630,26.218900,-95.147133
-6.251220,26.735200,-94.515433
-6.295170,27.295500,-94.740633
-5.976560,27.202100,-95.059233
-4.323120,26.235400,-95.965633
-3.208010,25.087300,-96.481933
-2.087400,23.779900,-97.168693
-1.455690,21.049800,-98.228833
-0.834961,19.517200,-97.498229
-0.082397,18.176900,-96.657790
0.719604,17.127700,-96.179878
1.389770,16.534400,-96.212888
2.680660,17.017800,-96.580888
3.059690,17.688000,-97.168689
2.905880,19.072300,-99.926188
3.389280,19.363400,-101.426878
4.400020,20.187400,-102.678878
4.174800,21.989100,-105.084388
3.834230,22.593400,-105.694878
3.828740,23.087800,-105.925878
3.581540,23.697500,-105.831878
3.477170,23.774400,-105.359878
3.691410,23.543700,-103.793878
3.845210,23.280000,-103.063939
3.988040,23.060300,-102.486878
5.015260,22.763700,-101.453878
5.850220,22.631800,-100.942878
6.712650,22.582400,-100.525878
7.536620,22.549400,-100.294878
6.970830,23.428300,-102.036878
5.921630,24.186400,-103.112878
5.202030,24.691800,-103.629878
4.910890,24.950000,-102.754369
4.592290,24.691800,-102.063878
2.982790,23.510700,-101.036878
1.884160,22.609900,-100.421878
0.164795,19.478800,-99.190178
0.054932,17.825300,-99.294479
-0.175781,16.528900,-99.722979
-0.736084,15.721400,-100.316790
-1.439210,15.358900,-100.904679
-2.916870,15.353400,-101.942679
-3.603520,15.474200,-101.843679
-3.949580,15.611600,-101.041679
-3.971560,16.342200,-98.333168
-4.718630,17.182600,-96.987368
-5.531620,18.352700,-95.240568
-5.251460,20.187400,-91.999568
-4.801030,20.736700,-91.428268
-4.509890,21.324500,-91.340368
-4.163820,22.379200,-91.719468
-3.944090,22.763700,-91.834768
-3.724370,23.131700,-92.389568
-3.845210,23.252600,-92.977368
-4.345090,23.329500,-94.559368
-4.707640,23.313000,-95.322937
-5.169070,23.307500,-95.993368
-6.465450,23.642600,-97.014868
-7.042240,24.175400,-97.135668
-6.954350,24.768700,-96.355668
-6.042480,25.493800,-94.724168
-4.240720,26.735200,-91.862268
-3.707890,27.009900,-90.692168
-3.339840,26.998900,-89.857268
-2.213750,26.196900,-89.467268
-1.208500,25.361900,-89.796827
-0.351563,24.076500,-90.412679
0.642700,20.929000,-90.626262
1.422730,19.616100,-89.807747
2.592770,18.067000,-88.533375
3.026730,17.891200,-88.374747
3.334350,18.819600,-89.428747
3.268430,19.715000,-90.461475
3.043210,21.330000,-93.032239
3.609010,22.000100,-93.845247
4.361570,22.895500,-94.625247
4.317630,24.043600,-95.866747
3.131100,25.773900,-97.937635
2.763060,26.488000,-98.811635
2.125850,27.323000,-100.184647
1.812740,27.471300,-100.453468
1.647950,27.482300,-100.322468
1.669920,27.427400,-99.898747
1.774290,27.328500,-99.382347
1.955570,27.125200,-98.497947
2.296140,26.856100,-98.069547
2.927860,26.466100,-97.498247
4.531860,25.625600,-96.388547
5.262450,25.383900,-96.185347
5.509640,25.455300,-96.751147
4.163820,26.455100,-99.409847
3.669430,26.850600,-99.865747
3.510130,27.053800,-99.673547
2.938840,26.608900,-98.333147
2.081910,26.032100,-97.860747
-0.093384,24.137000,-96.762179
-1.005250,22.670300,-96.179818
-1.268920,20.434600,-95.982118
-1.455690,18.550400,-96.388518
-2.345580,16.682700,-98.091418
-2.763060,16.386100,-98.838518
-4.021000,16.199300,-99.871222
-4.493410,16.309200,-99.618518
-4.476930,16.485000,-98.794652
-4.487920,17.374900,-96.531418
-5.251460,18.264800,-95.388818
-5.954590,19.429300,-93.861718
-5.240480,20.994900,-90.900918
-4.669190,21.571700,-90.384518
-4.147340,22.511000,-90.104422
-3.823240,22.763700,-90.043918
-3.598020,22.939500,-90.225218
-3.422240,23.032800,-90.642718
-3.422240,23.247100,-91.708418
-3.647460,23.230600,-92.488418
-3.966060,23.126200,-93.262918
-4.894410,22.747200,-94.520918
-5.443730,22.598900,-94.872418
-6.849980,22.928500,-95.218518
-7.152100,23.483300,-94.856852
-6.514890,23.917200,-93.526618
-5.443730,24.818100,-91.900618
-4.378050,25.686000,-90.719662
-4.026490,25.730000,-90.988866
-3.603520,25.515700,-91.587518
-1.686400,24.296300,-92.845572
-0.774536,22.999900,-93.658479
-0.758057,21.231100,-94.246279
-0.532837,19.758900,-93.867279
0.620728,17.633100,-92.131348
1.043700,16.979400,-92.010513
1.928100,16.726700,-92.451493
2.235720,17.369400,-93.158635
2.362060,18.281200,-94.026535
1.906130,19.934700,-96.657735
2.757570,20.050000,-97.525677
3.218990,21.346400,-98.646235
2.065430,22.983400,-101.069348
1.691890,23.670000,-101.942693
1.301880,24.395100,-102.766348
1.010740,24.614900,-102.816348
0.895386,24.642300,-102.579479
0.933838,24.532500,-102.096479
1.252440,24.318200,-101.041648
1.422730,24.142500,-100.525648
2.510380,23.631600,-99.437365
3.427730,23.340500,-98.833365
4.312130,23.065800,-98.349665
6.036990,22.961400,-97.805865
6.366580,23.038300,-98.140965
5.388790,24.603900,-99.459265
5.108640,24.928000,-99.107726
4.982300,25.070800,-98.388126
4.801030,24.933500,-97.558665
3.729860,24.164400,-96.388565
1.724850,22.203400,-95.311965
0.620728,20.819100,-94.455648
0.247192,18.775600,-93.911148
0.285645,16.913500,-94.141848
-0.532837,14.809600,-95.597579
-1.263430,14.474500,-96.405758
-2.026980,14.271200,-97.234558
-3.466190,14.265700,-97.624558
-3.773800,14.315200,-97.014856
-3.856200,14.633800,-95.938156
-5.119630,15.677500,-93.290458
-5.789790,16.545400,-91.466758
-5.630490,18.100000,-89.049779
-5.289920,18.457000,-88.709176
-5.185550,18.792100,-88.802558
-5.180050,19.022800,-89.143158
-5.092160,19.396400,-89.703458
-5.092160,19.506200,-89.934158
-5.191040,19.555700,-90.423158
-5.690920,19.649000,-92.043516
-6.031490,19.671000,-92.867416
-6.981810,19.813800,-94.246258
-7.640990,20.083000,-94.801626
-8.382570,20.665300,-95.224258
-8.173830,22.423100,-94.075958
-7.229000,23.653600,-93.109160
-6.405030,24.433600,-92.724658
-5.844730,24.971900,-92.559858
-5.202030,25.455300,-93.361858
-4.542850,25.285000,-94.086986
-3.438720,24.763200,-94.812858
-1.027220,22.747200,-96.388558
-0.780029,21.483800,-96.839579
-0.598755,20.236800,-96.591879
0.549316,18.259300,-95.311988
1.274410,17.737400,-94.801199
1.939090,17.720900,-94.652799
2.757570,18.819600,-95.339499
2.730100,19.665500,-96.416950
2.796020,20.324700,-97.750999
5.213010,21.780400,-99.689999
5.482180,22.879000,-100.717999
5.240480,23.681000,-101.537999
5.256960,24.752200,-102.634988
5.421750,25.032300,-103.299988
5.388790,25.131200,-103.837988
5.240480,24.812600,-103.409988
5.218510,24.527000,-102.662999
5.207520,24.197400,-101.832988
5.174560,23.444800,-100.217988
5.410770,23.027300,-99.453799
6.388550,22.219800,-98.031299
6.954350,21.824300,-97.580699
7.525630,21.566200,-97.305999
7.926640,21.615600,-97.316999
7.146610,23.225100,-98.618899
6.613770,24.027100,-98.635399
6.322630,24.406100,-98.173899
5.828250,24.450100,-97.344499
5.333860,24.021600,-97.201599
4.669190,23.230600,-96.932499
2.746580,20.758700,-95.833799
2.175290,19.121700,-95.350399
2.158810,17.336400,-95.328499
1.252440,14.798600,-95.987599
0.395508,14.243800,-96.141488
-0.499878,14.101000,-96.405488
-1.340330,14.166900,-96.591888
-2.735600,14.331700,-96.168899
-3.268430,14.705200,-95.350388
-4.042970,15.166600,-94.130988
-5.377810,16.611300,-90.752688
-5.509640,17.567100,-89.417788
-5.322880,18.204300,-88.516888
-5.130620,18.693200,-88.412588
-5.125120,18.819600,-88.851988
-5.048220,19.160200,-90.060488
-5.048220,19.160200,-90.060488
-5.119630,19.440300,-91.252488
-5.482180,19.808300,-92.263288
-5.718380,20.116000,-92.609329
-5.982060,20.456500,-92.843288
-6.355590,20.780600,-92.955388
-7.421260,22.115500,-93.026788
-7.575070,23.269000,-92.741179
-6.882930,24.285300,-91.719488
-4.531860,26.169400,-89.593588
-3.839720,26.696800,-89.060788
-2.532350,27.279100,-88.906988
-1.499630,27.268100,-89.231988
1.021730,26.136500,-90.571399
1.560060,25.026900,-91.334899
1.680910,23.664600,-91.615899
2.246700,22.406600,-91.087690
3.587040,20.709200,-89.752899
4.059450,20.445600,-89.544199
4.465940,20.385100,-89.412299
5.037230,21.456300,-90.428599
5.213010,22.423100,-91.587599
5.344850,23.466800,-93.103699
6.674190,25.982700,-95.487799
7.113650,26.922000,-96.833580
6.366580,28.245800,-99.772399
5.872190,28.784200,-101.036988
5.465700,29.333500,-102.437699
4.773560,29.685100,-104.546988
4.564820,29.520300,-105.024988
4.460450,29.366500,-105.233988
4.449460,29.284100,-105.172988
4.411010,29.245600,-104.442988
4.504390,29.168700,-103.909988
4.795530,29.014900,-103.184988
5.817260,28.289800,-101.365988
5.877690,28.103000,-101.261599
3.510130,28.822600,-104.304988
2.752080,29.141200,-105.386988
2.449950,29.569700,-106.298988
1.604000,29.904800,-107.886190
1.049190,29.756500,-108.232988
0.120850,29.168700,-108.336988
-2.581790,26.889000,-107.556988
-3.004760,25.405900,-106.144879
-3.438720,23.005400,-105.661879
-4.158330,20.791600,-106.151879
-5.383300,18.028600,-108.441788
-5.696410,17.385900,-109.727879
-6.069950,17.149700,-110.978879
-6.641240,17.012300,-110.424879
-7.036740,16.891500,-109.407879
-7.503660,16.990400,-108.495879
-8.442990,18.643800,-106.375879
-9.321900,19.632600,-105.062588
-10.036000,20.736700,-103.513588
-9.327390,22.489000,-101.168988
-8.464970,22.955900,-101.039879
-7.278440,23.851300,-100.739879
-6.800540,24.169900,-100.833879
-6.300660,24.257800,-101.025879
-5.377810,24.071000,-101.398588
-5.070190,23.878800,-101.722879
-4.806520,23.455800,-102.568879
-4.828490,23.241600,-103.052879
-4.954830,23.126200,-103.519879
-5.471190,23.400900,-103.733879
-5.657960,23.790900,-103.189879
-5.229490,24.137000,-101.783988
-4.218750,24.790600,-100.096879
-2.779540,25.537700,-98.596888
-2.169800,25.471800,-98.245289
-1.582030,25.109300,-98.294788
-0.214233,23.329500,-99.354979
0.373535,21.912200,-99.580198
1.560060,19.138200,-98.728640
2.235720,18.171400,-97.998640
2.642210,17.830800,-97.701440
3.065190,17.781400,-98.360640
3.153080,18.182400,-99.360440
3.262940,18.621800,-100.316398
3.262940,19.083300,-101.415398
2.955320,20.280800,-104.288398
3.905640,21.192600,-105.425398
3.762820,23.725000,-108.171540
2.905880,24.570900,-109.265398
2.389530,25.274000,-110.292540
1.955570,25.850800,-111.324398
0.785522,26.504500,-112.797979
0.357056,26.581400,-112.742979
-0.082397,26.636400,-111.335900
-0.192261,26.779200,-110.553590
-0.296631,26.834100,-109.803590
0.054932,26.575900,-108.221590
0.653687,26.279300,-107.529159
1.351320,25.960700,-107.128916
2.081910,25.686000,-106.992892
3.416750,25.587200,-107.432916
3.213500,25.790400,-108.864292
2.554320,26.312300,-110.347916
1.543580,26.466100,-111.423916
1.093140,26.202400,-111.577916
0.313110,24.928000,-111.011072
-0.527344,23.961200,-110.572590
-1.406250,20.786100,-109.429259
-1.785280,19.000900,-109.374259
-2.351070,17.704500,-109.748259
-3.224490,16.737700,-111.028259
-3.521120,16.677200,-111.379259
-3.872680,16.572900,-111.357259
-3.894650,16.853000,-109.655126
-3.543090,16.984900,-108.259259
-3.372800,17.089200,-107.007926
-4.361570,19.187600,-104.326259
-4.169310,20.341200,-102.426259
-3.306880,21.901200,-100.058259
-3.026730,22.571400,-99.349426
-2.746580,23.054800,-98.772626
-2.471920,23.472300,-98.349626
-2.175290,24.032600,-98.107926
-2.103880,24.153400,-98.135426
-2.318120,24.334700,-98.827526
-2.664180,24.279800,-99.558126
-3.131100,24.098500,-100.322126
-4.345090,23.516200,-101.558259
-5.042720,23.318500,-101.926259
-5.855710,23.307500,-102.239259
-6.580810,23.521700,-102.288259
-5.855710,24.411600,-99.887726
-5.026250,25.092800,-98.481426
-4.493410,25.510300,-97.684926
-4.010010,25.675000,-97.668593
-3.718870,25.312500,-98.294726
-3.076170,24.636800,-99.019826
-1.219480,22.274800,-100.217259
-1.016240,20.819100,-100.481259
-0.758057,19.462300,-100.085590
-0.236206,18.325200,-99.338459
0.318604,17.440800,-98.838546
1.461180,16.644300,-98.816555
2.021480,16.946400,-99.157155
2.362060,17.720900,-99.810855
2.406010,19.182100,-102.079546
3.092650,19.577600,-103.359546
3.246460,21.308000,-106.397355
2.598270,21.939700,-107.611546
2.235720,22.428600,-108.556546
2.087400,22.791100,-109.237655
1.510620,23.285500,-110.006546
1.356810,23.439300,-109.836546
1.329350,23.483300,-109.303546
1.428220,23.450300,-108.638546
1.906130,23.307500,-107.562546
2.340090,23.109700,-107.298546
3.806760,22.554900,-107.128546
4.762570,22.428600,-107.194546
5.630490,22.439600,-107.287546
5.751340,22.681300,-107.902546
4.114380,23.768900,-109.671546
3.350830,24.115000,-109.803155
2.856450,24.290800,-109.402546
2.103880,24.158900,-107.589546
1.351320,23.774400,-106.507546
0.302124,23.142700,-105.452459
-1.494140,20.687300,-103.826159
-1.560060,19.127200,-103.436159
-1.873170,18.072500,-103.618159
-2.828980,17.149700,-104.788159
-3.235470,16.946400,-105.293159
-3.696900,16.831100,-105.447316
-4.059450,16.869500,-104.409159
-3.883670,16.897000,-103.244916
-3.801270,17.100200,-102.041159
-4.949340,18.704200,-99.580116
-4.998780,19.901700,-97.992616
-4.125370,21.253100,-95.734916
-3.735350,21.928700,-94.987816
-3.614500,22.478000,-94.378178
-3.537600,22.994400,-93.828782
-3.603520,23.631600,-93.471716
-3.707890,23.790900,-93.663916
-3.839720,23.862300,-94.218716
-4.603270,23.692000,-96.619342
-5.180050,23.417400,-97.926616
-6.492920,22.681300,-99.810816
-7.239990,22.395600,-100.497159
-7.932130,22.340700,-100.827159
-7.745360,23.153700,-99.206516
-7.069700,24.082000,-97.811365
-6.575320,24.631300,-96.767616
-6.289670,24.911500,-96.130416
-6.020510,24.631300,-96.767616
-5.614010,24.016100,-97.481716
-3.746340,21.879300,-98.871516
-2.801510,20.637800,-99.453716
-2.499390,17.539700,-98.953916
-1.977540,16.276200,-98.069516
-1.219480,15.512700,-97.586116
-0.554810,14.996300,-97.399316
0.653687,14.551400,-97.371816
1.246950,14.859000,-97.443218
1.428220,15.408300,-97.987182
1.845700,16.627800,-99.953668
2.900390,16.836500,-101.618816
3.971560,17.759400,-103.304816
3.153080,19.456800,-106.232816
3.037720,20.099500,-107.331816
3.268430,20.901500,-109.133816
3.010250,21.154200,-109.677816
2.719120,21.253100,-109.506816
2.444460,21.269500,-107.963816
2.543330,21.269500,-107.067816
2.642210,21.269500,-106.293816
3.114620,21.115700,-105.145816
3.729860,20.950900,-104.655816
5.537110,20.802600,-103.975816
6.448970,20.874000,-103.744582
6.751100,21.115700,-103.859582
6.130370,22.016600,-104.766816
4.652710,23.741500,-105.287816
4.273680,24.186400,-104.826816
3.581540,24.169900,-102.898816
2.916870,23.752400,-102.134816
1.994020,23.109700,-101.602816
-0.109863,21.148700,-100.525590
-0.384521,19.094200,-100.212590
-0.549316,17.347400,-100.574590
-1.538090,15.825800,-101.464259
-2.081910,15.737900,-101.777259
-3.510130,15.924700,-102.041259
-3.944090,16.089500,-101.481259
-3.872680,16.215800,-100.591259
-3.696900,16.528900,-99.393313
-4.207760,17.243000,-98.223313
-5.240480,19.577600,-95.048226
-5.026250,20.159900,-93.674926
-4.548340,20.654300,-93.026726
-4.257200,21.225600,-92.768673
-4.037480,22.104500,-92.894926
-3.861690,22.379200,-93.120126
-3.707890,22.494500,-93.438726
-3.663940,22.642800,-94.490326
-3.850710,22.626300,-95.191326
-4.432980,22.434100,-96.751126
-4.806520,22.291300,-97.443226
-5.295410,22.230800,-97.954126
-6.613770,22.730700,-98.574826
-6.866460,23.236100,-98.272726
-6.251220,23.774400,-97.141126
-4.586790,25.109300,-95.196526
-4.119870,25.383900,-94.883426
-3.010250,25.142200,-94.960326
-2.202760,24.669800,-95.289926
-1.120610,23.911700,-95.800826
-0.291138,20.797100,-96.817559
-0.054932,19.352400,-96.564390
0.417480,18.149400,-95.971164
1.461180,16.468500,-95.707454
1.796260,16.281700,-96.004454
2.136840,16.347700,-96.361154
2.526860,17.243000,-97.663945
2.400510,18.056000,-98.640745
2.142330,18.770100,-99.865754
2.631230,19.077800,-101.146544
3.235470,21.390400,-104.123544
2.543330,22.329700,-105.348544
2.010500,23.093300,-106.194854
1.334840,23.944700,-107.457544
0.873413,24.175400,-107.891439
0.516357,24.351200,-107.979439
0.280151,24.521500,-107.067439
0.318604,24.538000,-106.375744
0.516357,24.373200,-105.101439
0.994263,24.175400,-104.447439
1.719360,23.939200,-103.837744
3.268430,23.483300,-103.265744
4.136350,23.433800,-103.266744
4.938350,23.521700,-103.409744
4.537350,24.378700,-105.035744
3.707890,24.741200,-105.771744
2.631230,24.735700,-106.249744
2.373050,24.378700,-105.831744
2.005000,23.763400,-105.268317
0.587769,21.873800,-104.326439
0.071411,20.385100,-103.947390
-0.758057,17.116700,-104.052390
-1.411740,16.045500,-104.453239
-1.939090,15.507200,-104.925239
-2.834470,15.117200,-105.326239
-3.191530,15.029300,-105.002239
-3.400270,15.095200,-104.293239
-3.092650,15.413800,-101.827239
-3.114620,15.726900,-100.552239
-4.207760,17.737400,-97.503724
-3.955080,18.863500,-95.685424
-3.367310,19.572100,-94.471424
-2.488400,20.978400,-93.350822
-2.252200,21.599100,-92.856422
-1.966550,22.137500,-92.493924
-1.466670,22.714200,-92.433524
-1.329350,22.851600,-92.631224
-1.356810,22.966900,-93.158624
-1.543580,23.005400,-93.982524
-2.274170,22.862500,-95.751324
-2.812500,22.681300,-96.525932
-3.455200,22.538500,-97.108232
-5.141600,22.697800,-97.695972
-5.828250,22.988900,-97.382824
-5.712890,23.483300,-96.097424
-4.213260,24.724700,-93.224524
-3.834230,24.944500,-92.598324
-3.713380,25.026900,-92.406324
-3.273930,24.422600,-93.213524
-2.565310,23.527200,-93.872724
-1.038210,20.934400,-95.042724
-0.928345,19.314000,-95.267924
-0.104370,16.572900,-94.125454
0.477905,15.655500,-93.795854
0.873413,15.271000,-93.971685
1.713870,15.545700,-94.449585
1.994020,15.974100,-94.784585
2.010500,16.622300,-95.427259
1.917110,17.314500,-96.481985
3.422240,18.413100,-99.398885
3.526610,19.544700,-101.113854
2.944340,20.374100,-102.513854
2.406010,21.423300,-104.359854
2.323610,21.758400,-104.991854
1.713870,22.230800,-105.397854
1.713870,22.230800,-105.397854
1.488650,22.241800,-104.068854
1.543580,22.203400,-103.228854
1.779790,21.835300,-102.014854
2.197270,21.593600,-101.602854
2.883910,21.319000,-101.201285
3.724370,21.071800,-100.833854
5.465700,20.923500,-100.305385
6.042480,21.005900,-100.261854
5.130620,22.423100,-101.393854
4.531860,23.142700,-101.113854
4.042970,23.439300,-100.684854
3.718870,23.510700,-100.135854
2.845460,22.879000,-98.849579
1.944580,22.104500,-98.311285
0.884399,21.099200,-97.767354
0.225220,17.968100,-97.075215
-0.104370,16.561900,-97.575154
-0.697632,15.452300,-97.987139
-1.950070,14.952400,-98.651714
-2.675170,15.139200,-98.816514
-3.449710,15.364400,-97.937614
-3.262940,15.545700,-96.965314
-3.120120,15.688500,-96.031514
-4.273680,17.567100,-94.043114
-4.268190,18.984400,-92.422514
-4.015500,19.660000,-91.104123
-3.598020,20.308200,-90.395514
-3.164060,21.401400,-89.807714
-3.076170,21.917700,-89.752814
-2.944340,22.598900,-89.901114
-2.971800,22.747200,-90.142811
-3.153080,22.774700,-90.593314
-3.482670,22.686800,-91.318414
-4.345090,22.263800,-92.543314
-4.916380,21.939700,-92.938814
-5.553590,21.571700,-93.158614
-7.058720,20.983900,-93.350814
-7.739870,20.819100,-93.180514
-6.492920,20.731200,-91.966614
-5.586550,21.121200,-92.010514
-4.817500,21.456300,-92.076451
-4.235230,21.648600,-92.109414
-3.768310,21.934200,-92.351114
