-1.208500,22.159400,-89.269444
-1.224980,22.170400,-89.296941
-1.213990,22.192400,-89.285941
-1.230470,22.219800,-89.313441
-1.246950,22.230800,-89.340841
-1.483150,22.208900,-89.346341
-1.609500,22.203400,-89.148634
-1.801760,22.175900,-88.764341
-1.983030,22.153900,-88.143341
-2.098390,22.005600,-86.671141
-2.010500,22.038600,-85.698914
-2.070920,22.071500,-85.083641
-2.208250,22.071500,-85.083641
-2.153320,22.088000,-85.264964
-1.895140,22.280300,-84.913341
-1.477660,22.247300,-83.012741
-1.131590,22.401100,-81.941541
-0.944824,22.450600,-81.018710
-1.027220,22.527500,-80.376871
-1.060180,22.516500,-79.980571
-1.016240,22.500000,-79.832281
-0.818481,22.247300,-80.277110
-0.769043,22.082500,-80.760510
-0.791016,21.846300,-81.227410
-0.911865,21.533200,-81.705310
-1.538090,20.934400,-82.606231
-2.048950,20.857500,-82.930331
-2.691650,20.929000,-83.254433
-3.433230,21.225600,-83.485131
-4.114380,21.489300,-83.649931
-4.872440,21.758400,-84.111331
-5.504150,22.241800,-84.506831
-4.224240,23.494300,-84.012531
-3.674930,23.582200,-84.682631
-3.400270,23.565700,-85.665931
-3.224490,23.247100,-86.775931
-2.730100,22.747200,-87.659993
-1.928100,20.808100,-88.461993
-1.988530,19.660000,-88.126899
-1.741330,18.841600,-87.692931
-1.186520,18.402100,-87.522631
-0.642700,18.303200,-87.533663
-0.087891,18.808600,-87.918100
0.428467,19.758900,-88.764181
1.889650,20.885000,-91.219538
3.186040,21.709000,-92.548838
3.685910,22.873500,-93.977178
3.422240,23.653600,-95.372378
3.240970,24.219400,-96.421578
3.422240,24.527000,-97.410358
3.482670,24.686300,-98.574878
3.383790,24.669800,-99.635878
3.367310,24.351200,-100.311781
3.350830,24.131500,-100.009781
3.312380,23.878800,-99.470278
3.339840,23.571200,-98.778178
3.477170,23.175700,-97.992678
3.746340,22.747200,-97.157678
4.169310,22.406600,-96.350178
4.751590,22.153900,-95.685478
5.361330,21.720000,-95.125155
5.141600,21.670500,-95.476748
2.763060,23.115200,-97.102778
1.702880,23.444800,-97.152178
0.829468,23.395400,-97.091781
0.197754,23.016400,-96.800581
-0.373535,22.302200,-96.234710
-0.631714,20.907000,-95.471271
-0.560303,18.995400,-95.114110
-1.384280,17.100200,-95.641591
-2.092900,17.061800,-96.135959
-2.867430,17.369400,-96.394591
-3.658450,17.979100,-96.256791
-4.295650,18.501000,-95.570179
-4.696660,18.956900,-94.559391
-5.130620,19.539200,-93.493791
-6.020510,20.170900,-92.537891
-5.894170,21.961700,-89.362891
-5.509640,22.587900,-88.489491
-5.158080,23.230600,-87.890691
-4.954830,23.801900,-87.506191
-4.691160,24.263300,-87.330391
-4.515380,24.521500,-87.451291
-4.356080,24.669800,-87.802791
-4.180300,24.790600,-88.159879
-4.021000,24.834600,-88.632288
-4.081420,24.746700,-90.087991
-4.301150,24.581900,-91.076791
-4.570310,24.483000,-92.092979
-4.905400,24.554400,-92.823579
-5.267940,24.741200,-93.164191
-5.042720,25.021400,-92.609391
-3.922120,25.642100,-91.098691
-2.669680,26.345200,-89.719891
-1.889650,26.768200,-88.906991
-0.939331,26.724200,-88.593810
-0.225220,25.960700,-89.269481
0.401001,24.840100,-90.230781
0.582275,23.384400,-91.010781
0.763550,21.983600,-91.098678
1.268920,20.929000,-90.527368
1.845700,20.214800,-89.648468
2.389530,20.088500,-88.890478
3.059690,21.505700,-89.472778
3.043210,22.434100,-90.824778
3.383790,23.104200,-92.301678
4.592290,24.702800,-95.108678
4.229740,25.290500,-96.372178
3.850710,25.554200,-97.218178
3.614500,25.653100,-98.031818
3.301390,25.587200,-98.887978
2.883910,25.460800,-99.596678
2.664180,25.197100,-99.755978
2.548830,24.636800,-98.805578
2.548830,24.378700,-98.140978
2.581790,24.082000,-97.393898
2.741090,23.757900,-96.619378
3.076170,23.510700,-95.888778
3.581540,23.296500,-95.246778
4.207760,22.983400,-94.636278
4.504390,22.730700,-94.394578
3.779300,22.999900,-95.169158
2.400510,23.659100,-96.212878
0.351563,24.186400,-96.438781
-0.170288,23.878800,-95.916110
-0.692139,23.131700,-95.218510
-1.164550,22.011100,-94.515451
-1.345830,20.434600,-94.075951
-1.466670,18.940400,-94.097951
-1.829220,18.089000,-94.323195
-2.389530,17.808800,-94.652751
-3.076170,17.957200,-95.020851
-4.498900,18.709700,-94.674715
-4.976810,18.956900,-93.740851
-5.256960,19.138200,-92.504951
-5.740360,19.610600,-91.203951
-6.503910,20.533400,-89.901151
-6.306150,21.577100,-88.099451
-5.916140,22.357200,-86.962351
-5.421750,22.983400,-86.281151
-5.042720,23.477800,-85.742851
-4.680180,23.790900,-85.396751
-3.938600,24.131500,-85.517675
-3.641970,24.142500,-85.896651
-3.339840,24.087500,-86.292151
-3.125610,23.983200,-86.901951
-3.087160,23.807400,-87.703951
-3.175050,23.549200,-88.626751
-3.323360,23.335000,-89.659475
-3.504640,23.313000,-90.417575
-3.823240,23.406400,-90.741651
-3.966060,23.768900,-90.313151
-2.850950,24.301800,-89.049751
-1.922610,24.922500,-88.478451
-1.224980,25.114700,-88.555351
-0.758057,24.939000,-88.912451
-0.346069,24.246800,-89.621510
-0.000000,23.159200,-90.576800
0.049439,21.851800,-91.444777
0.148315,20.780600,-91.675478
0.900879,19.786400,-90.483478
1.285400,20.017100,-89.978835
1.625980,20.637800,-90.175848
1.862180,21.577100,-91.060248
2.125850,22.533000,-92.290625
2.839970,23.252600,-93.559648
3.389280,24.274300,-94.883448
3.092650,25.065300,-96.234748
2.565310,25.488300,-97.190648
2.054440,25.872800,-99.036348
1.691890,25.966200,-99.986648
1.378780,25.966200,-100.596478
1.235960,25.878300,-100.618478
1.181030,25.741000,-100.217848
1.164550,25.592700,-99.591148
1.170040,25.361900,-98.822148
1.230470,25.092800,-97.948648
1.450200,24.790600,-97.053265
2.351070,24.268800,-95.300948
2.916870,23.950200,-94.553848
3.092650,23.900800,-94.455848
2.224730,24.389600,-95.531648
1.043700,25.263100,-96.762165
-0.060425,25.581700,-97.003868
-0.944824,25.598100,-96.877487
-1.395260,25.169700,-96.317149
-1.812740,24.224900,-95.542649
-2.395020,21.082800,-94.658249
-2.642210,19.610600,-94.707649
-2.938840,18.731700,-94.806549
-3.405760,18.402100,-95.147149
-4.086910,18.555900,-95.498749
-4.707640,19.259000,-95.388875
-4.905400,19.841300,-94.795575
-4.883420,19.846800,-93.735449
-5.020750,19.819300,-92.493949
-6.047970,20.967400,-89.741849
-5.630490,21.846300,-87.907149
-5.328370,22.340700,-86.989749
-4.943850,22.851600,-86.275649
-4.680180,23.236100,-85.847249
-4.306640,23.318500,-85.671449
-4.004520,23.439300,-85.748349
-3.636470,23.477800,-86.352549
-3.515630,23.417400,-86.835949
-3.603520,23.324000,-87.659995
-3.812260,23.170200,-88.659749
-4.125370,22.939500,-89.824249
-4.416500,22.769200,-90.878925
-4.839480,22.851600,-91.472249
-5.855710,23.384400,-91.609549
-5.311890,23.790900,-90.197849
-4.103390,24.669800,-88.401549
-3.218990,24.960900,-87.791749
-2.730100,24.977400,-87.962175
-2.471920,24.647800,-88.709149
-2.026980,23.911700,-89.725349
-1.378780,22.818600,-90.664749
-1.208500,20.983900,-91.312975
-0.845947,18.660300,-91.307487
-0.422974,18.121900,-90.719687
0.027466,18.347200,-90.368687
0.483398,18.973400,-90.642769
0.873413,19.896200,-91.505169
1.241460,20.923500,-92.675217
2.059940,21.071800,-93.982517
3.405760,21.571700,-95.300917
3.438720,22.543900,-96.948917
2.883910,23.093300,-98.184817
2.741090,23.730500,-99.975617
2.460940,23.840300,-101.047169
2.054440,23.906300,-101.867169
1.807250,23.752400,-102.074169
1.664430,23.494300,-101.689169
1.554570,23.192100,-101.036169
1.477660,22.890000,-100.250362
1.433720,22.560400,-99.343917
1.505130,22.159400,-98.454917
2.186280,21.577100,-96.882917
2.741090,21.275000,-96.267792
3.383790,21.011400,-95.729417
3.515620,20.901500,-95.619517
2.642210,21.549700,-96.311617
1.472170,22.357200,-96.602817
0.411987,22.763700,-96.399569
-0.214233,22.818600,-95.718487
-1.093140,21.384900,-93.856269
-1.290890,19.693000,-93.515627
-1.461180,18.187900,-93.581569
-1.675420,17.451800,-93.784869
-1.955570,17.374900,-93.872769
-2.378540,17.781400,-93.795869
-2.993770,18.457000,-93.361887
-3.652950,19.127200,-92.719169
-4.224240,19.528200,-91.851269
-5.152590,20.000600,-90.950369
-5.740360,21.972700,-88.022569
-5.361330,22.686800,-86.846969
-4.932860,23.280000,-86.182370
-4.680180,23.939200,-85.698969
-4.531860,24.554400,-85.358369
-4.367070,24.939000,-85.220937
-4.246220,25.241100,-85.281469
-4.191280,25.394900,-85.517669
-4.136350,25.438800,-85.852769
-4.213260,25.142200,-87.154569
-4.449460,24.823600,-88.033469
-4.779050,24.444600,-89.060769
-5.114140,24.208400,-89.989769
-5.564580,24.120500,-90.719669
-5.883180,24.169900,-91.016269
-4.196780,25.076300,-88.511469
-3.087160,25.636600,-87.127169
-2.318120,25.850800,-86.165869
-1.779790,25.724500,-85.676969
-1.246950,25.147700,-85.753869
-0.851440,24.060100,-86.374569
-0.752563,22.307700,-87.269987
-0.604248,20.599400,-87.692987
-0.230713,19.094200,-87.555587
0.346069,17.891200,-87.165559
0.900879,17.352900,-86.956859
1.422730,17.358400,-87.132686
2.092900,18.863500,-89.110169
2.059940,19.638100,-90.769686
2.318120,19.896200,-92.620286
3.240970,20.154400,-94.290286
3.702390,20.972900,-95.872286
3.306880,21.621100,-97.185186
2.971800,21.912200,-97.855219
2.993770,22.159400,-98.157386
2.603760,22.357200,-98.992386
2.263180,22.263800,-98.866386
2.021480,22.011100,-98.217886
1.807250,21.698000,-97.241789
1.598510,21.384900,-96.053586
1.444700,21.027800,-94.746159
1.411740,20.670800,-93.444286
1.582030,20.363200,-92.224786
2.554320,19.951200,-90.252786
3.164060,19.720500,-89.571586
3.603520,19.522700,-89.121186
3.345340,19.802900,-89.274986
2.406010,20.637800,-89.824286
1.356810,21.434300,-90.005586
0.582275,21.741900,-89.741859
0.104370,21.395900,-89.225586
-0.263672,20.434600,-88.747687
-0.521851,19.066800,-88.566387
-0.692139,17.699000,-88.500439
-1.120610,16.627800,-88.115819
-1.560060,17.166100,-87.824719
-2.263180,18.017600,-87.352319
-3.109130,18.896500,-86.649219
-4.125370,19.671000,-85.709822
-5.092160,20.830100,-84.375219
-5.504150,22.219800,-82.672119
-5.421750,23.120700,-81.298819
-5.185550,23.681000,-80.590282
-5.048220,24.779700,-79.760719
-5.064700,25.389400,-79.387272
-5.053710,25.933200,-79.184719
-5.059200,26.328700,-79.255472
-5.064700,26.521000,-79.579547
-5.119630,26.515500,-80.068419
-5.240480,26.350700,-80.656119
-5.729370,25.581700,-82.117319
-6.119380,25.114700,-82.941319
-6.547850,24.768700,-83.655419
-6.888430,24.675300,-84.056419
-6.542360,24.993900,-83.545519
-5.218510,25.872800,-82.040419
-3.543090,26.976900,-80.277119
-2.274170,27.586700,-78.821419
-1.658940,27.982200,-77.601919
-0.840454,27.614100,-76.788987
-0.082397,26.559400,-77.486668
0.466919,25.213600,-78.387567
0.730591,23.532700,-78.793967
1.301880,21.939700,-78.387597
2.158810,20.731200,-77.525597
2.878420,19.934700,-76.728597
3.543090,19.819300,-76.294697
4.306640,21.231100,-77.915697
4.526370,22.099000,-79.475170
4.729610,22.835100,-81.101197
5.405270,23.274500,-82.446997
6.487430,23.834800,-83.704897
6.245730,25.499300,-86.341697
5.767820,25.966200,-87.258997
5.520630,26.251800,-88.159897
5.196530,26.240800,-89.110197
4.779050,26.026600,-89.774897
4.537350,25.570700,-89.818797
4.367070,25.032300,-89.384897
4.213260,24.614900,-88.813597
4.136350,23.620600,-87.484197
4.229740,23.137200,-86.803197
4.526370,22.769200,-86.154897
4.971310,22.340700,-85.550597
5.125120,21.978100,-85.358397
4.229740,22.280300,-86.275697
2.812500,22.972400,-87.341370
1.593020,23.422900,-87.698497
0.549316,23.406400,-87.813767
-0.582275,22.000100,-87.280967
-0.884399,20.368700,-86.912867
-1.104130,18.572400,-86.775587
-1.455690,17.512200,-86.945887
-1.878660,17.144200,-87.335887
-2.334590,17.287000,-87.632489
-2.966310,17.682500,-87.572887
-3.735350,18.094500,-87.154587
-4.284670,18.341700,-86.187787
-4.509890,18.451500,-84.841987
-4.762570,18.572400,-83.501687
-5.773320,20.264300,-80.502387
-5.416260,21.324500,-78.931387
-4.993290,22.093500,-78.277687
-4.614260,22.829600,-77.865687
-4.378050,23.329500,-77.596487
-4.048460,23.521700,-77.492187
-3.702390,23.757900,-77.508587
-3.488160,23.851300,-77.739387
-3.312380,23.933700,-78.041487
-3.175050,23.950200,-78.568787
-3.273930,23.812900,-80.189287
-3.504640,23.538200,-81.156287
-3.735350,23.378900,-82.095387
-4.114380,23.389900,-82.880987
-4.652710,23.494300,-83.364387
-4.773560,23.763400,-83.045787
-3.768310,24.219400,-81.375787
-2.702640,25.092800,-79.991587
-1.724850,25.438800,-80.156287
-1.417240,25.032300,-80.941887
-0.703125,24.213900,-81.809767
-0.329590,22.747200,-82.858977
-0.406494,21.192600,-83.831267
-0.236206,19.929200,-83.990567
0.093384,19.028300,-83.611567
0.395508,18.588900,-83.095157
1.285400,19.693000,-83.276465
1.483150,20.698200,-84.501316
1.774290,21.308000,-85.819732
2.817990,21.626600,-87.050216
3.257450,22.730700,-88.632216
2.834470,23.450300,-90.164816
2.279660,23.790900,-90.988816
2.180790,24.142500,-91.658916
1.697390,24.362200,-93.191516
1.433720,24.268800,-93.356316
1.323850,24.131500,-92.971816
1.230470,23.922700,-92.290616
1.213990,23.587600,-91.527116
1.230470,23.120700,-90.675716
1.263430,22.675800,-89.851716
1.549070,22.258300,-89.066216
2.021480,21.917700,-88.379516
3.251950,21.165200,-87.522616
4.015500,20.912500,-87.116162
3.746340,21.038800,-87.517116
2.587280,21.928700,-88.467416
1.329350,22.505500,-88.769516
0.285645,22.730700,-88.934357
-0.329590,22.500000,-88.681634
-0.736084,21.659500,-88.110467
-0.966797,18.418600,-87.731367
-1.159060,17.325400,-87.819237
-1.395260,16.995800,-87.846737
-1.625980,17.177100,-87.747837
-2.158810,17.704500,-87.557837
-2.867430,18.451500,-87.220537
-3.488160,19.044800,-86.665637
-4.053960,19.363400,-85.940637
-4.674680,19.709500,-85.089137
-4.954830,21.423300,-82.304137
-4.603270,22.082500,-81.496637
-4.169310,22.681300,-81.073637
-3.861690,23.329500,-80.700137
-3.630980,23.895300,-80.403437
-3.460690,24.224900,-80.343437
-3.334350,24.433600,-80.496837
-3.235470,24.499500,-80.793537
-3.131100,24.499500,-81.156354
-3.158570,24.230300,-82.403337
-3.378300,23.994100,-83.226934
-3.674930,23.714000,-84.149834
-3.993530,23.538200,-84.984737
-4.389040,23.543700,-85.638437
-4.801030,23.708500,-86.017537
-4.707640,24.038100,-85.457237
-3.856200,24.587400,-83.880624
-2.905880,25.230100,-82.529337
-1.911620,25.449800,-82.326937
-1.455690,24.944500,-82.952337
-0.889893,24.065600,-83.787267
-0.554810,22.516500,-84.666127
-0.472412,20.912500,-85.308867
-0.219727,19.522700,-85.281467
0.175781,18.451500,-84.583747
0.642700,18.028600,-83.776237
1.175540,18.336200,-83.523675
1.796260,20.077500,-85.347375
1.840210,20.808100,-86.896475
2.378540,21.005900,-88.489475
3.021240,21.769400,-90.126375
2.763060,22.708700,-91.928175
2.147830,23.296500,-93.273975
1.829220,23.626100,-94.262775
1.521610,23.829300,-95.235775
1.065670,23.878800,-96.245775
0.686646,23.856800,-96.839747
0.302124,23.631600,-96.278747
0.302124,23.455800,-95.592747
0.395508,23.175700,-94.817547
0.543823,22.851600,-94.086947
0.812988,22.549400,-93.449747
1.235960,22.269300,-92.971875
1.790770,21.956200,-92.691775
2.406010,21.676000,-92.603877
2.598270,21.489300,-93.290475
1.713870,22.027600,-94.054475
0.675659,22.390100,-94.273747
-0.302124,22.467000,-94.196847
-0.955811,22.263800,-93.795867
-1.345830,21.571700,-93.103687
-1.593020,20.242300,-92.488487
-1.746830,18.764600,-92.169887
-1.895140,17.830800,-92.164387
-2.433470,17.633100,-92.949887
-2.927860,17.957200,-93.208887
-3.455200,18.418600,-92.938889
-3.768310,18.775600,-92.098487
-3.839720,18.858000,-90.873449
-4.246220,19.017300,-89.626587
-4.729610,19.715000,-88.181859
-4.663700,20.571900,-86.577859
-3.817750,21.868300,-84.863987
-3.499150,22.500000,-84.254264
-3.312380,23.005400,-83.803787
-3.065190,23.345900,-83.402787
-2.856450,23.510700,-83.139787
-2.834470,23.527200,-83.215987
-2.872920,23.466800,-83.682987
-2.872920,23.411900,-84.523387
-3.306880,23.060300,-86.929387
-3.729860,22.730700,-88.060987
-4.207760,22.467000,-89.033299
-4.762570,22.357200,-89.818787
-5.322880,22.395600,-90.346187
-5.438230,22.571400,-90.302187
-4.713130,23.098800,-89.329887
-3.647460,23.790900,-88.269787
-2.213750,23.988600,-87.951687
-1.774290,23.444800,-88.341187
-1.406250,22.483500,-89.000287
-1.192020,21.154200,-89.555187
-1.071170,19.813800,-89.829787
-0.823975,18.803100,-89.934167
-0.516357,18.176900,-89.901167
0.181274,18.588900,-89.763887
0.560303,19.330400,-90.208787
0.845947,20.203900,-90.999887
1.246950,20.824600,-91.939189
2.114870,21.445300,-92.900489
2.620240,22.417600,-94.108989
2.219240,23.186600,-95.449289
1.636960,23.648100,-96.531489
1.367800,24.010600,-97.498249
0.862427,24.257800,-99.316487
0.521851,24.164400,-99.750487
0.329590,24.049100,-99.629549
0.219727,23.928200,-99.096787
0.131836,23.697500,-98.360687
0.120850,23.378900,-97.569669
0.142822,22.972400,-96.762187
0.280151,22.565900,-96.009587
0.631714,22.175900,-95.289987
1.137080,21.807900,-94.614399
2.323610,21.049800,-93.624999
2.724610,20.874000,-93.367400
2.213750,21.181600,-93.757399
1.290890,21.912200,-94.032399
0.466919,22.428600,-93.554187
-0.241699,22.489000,-92.812587
-0.791016,22.055100,-91.818267
-1.148070,20.945400,-90.977827
-1.268920,19.281000,-90.604283
-1.411740,17.144200,-90.922927
-1.521610,17.094700,-91.131627
-1.818240,17.468300,-91.120627
-2.400510,18.116500,-90.807527
-3.076170,18.841600,-90.131827
-3.779300,19.489700,-89.214583
-4.564820,20.330200,-88.066427
-5.037230,21.373900,-86.709627
-4.779050,22.137500,-85.105627
-4.356080,22.549400,-83.869627
-3.773800,23.664600,-82.326163
-3.647460,24.268800,-81.798727
-3.521120,24.790600,-81.491127
-3.466190,25.186200,-81.425227
-3.471680,25.351000,-81.666923
-3.493650,25.307000,-82.155823
-3.532100,25.037800,-82.886423
-3.658450,24.708300,-83.754327
-4.240720,23.889800,-85.550527
-4.614260,23.543700,-86.434927
-5.004270,23.411900,-87.083127
-5.366820,23.472300,-87.313827
-5.163570,23.692000,-86.566883
-4.114380,24.115000,-84.951883
-2.993770,24.785200,-83.666427
-2.213750,24.955400,-83.287427
-1.367800,24.213900,-84.243263
-1.021730,23.060300,-85.204527
-0.834961,21.384900,-85.984567
-0.670166,19.863300,-86.374567
-0.285645,18.610800,-86.264667
0.406494,17.830800,-85.237467
0.406494,17.830800,-85.237467
0.818481,18.187900,-84.940867
1.499630,19.506200,-86.292187
1.554570,20.225800,-87.566587
1.928100,20.368700,-89.104659
3.010250,21.187100,-90.587887
2.790530,22.274800,-92.477487
2.120360,22.780200,-93.631487
1.593020,23.164700,-94.471487
1.527100,23.461300,-95.267949
1.131590,23.642600,-96.207387
0.422974,23.455800,-96.937967
0.274658,23.302000,-96.410597
0.115356,23.071300,-95.740467
0.087891,22.505500,-94.086967
0.280151,22.126500,-93.169697
0.642700,21.851800,-92.285297
1.142580,21.626600,-91.538170
1.730350,21.319000,-91.038217
2.334590,21.137700,-90.782170
2.889400,21.044300,-90.461417
2.285160,21.472800,-91.065770
1.296390,22.285800,-91.439270
-0.439453,22.857100,-90.933867
-0.889893,22.434100,-90.258267
-1.307370,21.533200,-89.533127
-1.538090,19.890700,-89.269427
-1.620480,18.440600,-89.274927
-1.691890,17.704500,-89.296927
-1.867680,17.770400,-89.450727
-2.186280,18.171400,-89.269427
-2.752080,18.841600,-88.950827
-4.048460,20.011600,-87.557827
-4.894410,20.473000,-86.792783
-5.603030,21.472800,-85.671427
-5.355830,22.439600,-84.067427
-4.943850,22.988900,-82.979727
-4.460450,23.428300,-82.293127
-4.086910,24.071000,-81.716313
-3.938600,24.647800,-81.353813
-3.740840,25.603600,-81.134527
-3.636470,25.773900,-81.309827
-3.515630,25.801400,-81.599827
-3.433230,25.603600,-82.117327
-3.532100,25.301500,-82.897333
-3.746340,24.867600,-83.820227
-4.031980,24.477500,-84.836427
-4.334110,24.235800,-85.847227
-4.724120,24.147900,-86.638227
-5.130620,24.230300,-87.011727
-4.652710,24.483000,-86.077973
-2.389530,25.817900,-82.913827
-1.675420,26.196900,-82.155827
-1.307370,26.306800,-82.067927
-0.933838,25.955200,-82.567767
-0.335083,25.131200,-83.347867
-0.104370,23.609600,-84.353787
-0.126343,21.906700,-85.188867
0.818481,19.248000,-84.726649
1.274410,18.577900,-84.215749
1.691890,18.599900,-83.996749
2.054440,19.215100,-84.413549
2.213750,20.132400,-85.418749
2.131350,21.093800,-86.879949
2.334590,21.395900,-88.445449
3.350830,21.720000,-89.835254
3.186040,23.153700,-93.147649
2.790530,23.642600,-94.054649
2.697140,23.944700,-94.762649
2.389530,23.988600,-95.493249
1.922610,23.977700,-96.020549
1.669920,23.703000,-95.877755
1.334840,23.120700,-94.290249
1.279910,22.851600,-93.444249
1.241460,22.543900,-92.609349
1.329350,22.164900,-91.812749
1.609500,21.824300,-91.087675
2.114870,21.615600,-90.488949
2.741090,21.340900,-90.049449
3.784790,20.885000,-89.599685
3.224490,21.362900,-90.197849
2.164310,22.142900,-90.681249
1.049190,22.664800,-90.703149
0.302124,22.934000,-90.335149
-0.236206,22.791100,-89.703467
-0.620728,22.093500,-88.895967
-1.005250,19.044800,-88.313617
-1.301880,17.913200,-88.533317
-1.609500,17.484700,-88.637732
-1.983030,17.594600,-88.698117
-2.526860,18.105500,-88.687117
-3.147580,18.808600,-88.467417
-3.762820,19.687500,-86.995217
-4.378050,20.039100,-86.424217
-4.746090,20.841100,-85.501117
-4.471440,21.725500,-84.138817
-4.070430,22.291300,-83.298317
-3.576050,22.697800,-82.776517
-3.202510,23.225100,-82.304117
-3.021240,23.714000,-81.985512
-2.911380,24.175400,-81.743817
-2.730100,24.900500,-81.469182
-2.669680,25.054300,-81.480117
-2.658690,25.054300,-81.661417
-2.763060,24.917000,-82.073442
-3.037720,24.664300,-82.661117
-3.455200,24.301800,-83.336812
-3.883670,23.884300,-83.952117
-4.328610,23.505200,-84.347517
-4.855960,23.142700,-84.512317
-5.245970,22.785600,-84.369517
-4.976810,22.373700,-83.710317
-2.960820,22.478000,-82.188732
-2.169800,22.598900,-82.018432
