-1.235960,22.593400,-89.538613
-1.246950,22.593400,-89.472713
-1.241460,22.598900,-89.423213
-1.230470,22.598900,-89.522113
-1.279910,22.571400,-89.604513
-1.450200,22.554900,-89.725351
-1.609500,22.538500,-89.604551
-2.098390,22.511000,-88.621251
-2.340090,22.467000,-88.022551
-2.526860,22.379200,-87.434713
-2.592770,22.395600,-86.588713
-2.719120,22.445100,-85.935113
-2.872920,22.439600,-85.643913
-2.905880,22.725200,-85.589813
-3.043210,22.868000,-85.330881
-2.960820,22.730700,-84.451913
-2.570800,22.807600,-83.155591
-1.972050,22.796600,-81.238413
-2.219240,22.862500,-80.903313
-2.312620,22.741700,-80.661613
-2.235720,22.730700,-80.458413
-2.114870,22.533000,-80.458441
-1.977540,22.351700,-80.760513
-2.087400,21.906700,-81.842781
-2.263180,21.621100,-82.377813
-2.587280,21.313500,-82.836913
-3.059690,21.121200,-83.194913
-3.620000,21.038800,-83.490695
-4.251710,21.181600,-83.677413
-4.872440,21.390400,-83.787213
-6.152340,21.610100,-84.578213
-5.872190,22.093500,-84.391513
-4.965820,22.796600,-84.056413
-4.081420,23.126200,-84.342413
-3.422240,23.197600,-84.979213
-2.927860,22.983400,-85.819713
-2.444460,22.401100,-86.846913
-1.752320,20.094000,-88.000591
-1.516110,18.891000,-87.506191
-1.153560,18.105500,-87.072113
-0.802002,17.852800,-87.055730
-0.433960,18.165900,-87.319373
0.043945,18.973400,-87.852230
0.499878,20.022600,-88.758523
0.961304,20.901500,-89.906623
1.889650,21.302500,-91.153662
3.142090,22.269300,-92.493962
3.010250,24.296300,-95.581162
2.774050,24.906000,-96.707216
2.834470,25.356400,-97.899262
2.713620,25.697000,-99.261526
2.389530,25.905800,-100.393623
2.230220,25.828900,-100.893623
1.983030,25.675000,-100.698762
1.900630,25.592700,-100.294623
1.955570,25.394900,-99.635462
2.136840,25.081800,-98.767162
2.433470,24.724700,-97.822362
2.922360,24.428100,-96.855562
4.026490,23.889800,-95.339462
3.718870,23.851300,-95.734962
2.504880,24.389600,-97.080762
1.466670,25.010400,-97.608762
0.516357,25.202600,-97.756323
-0.274658,25.175200,-97.794830
-0.840454,24.719200,-97.514630
-1.560060,22.445100,-96.289763
-1.790770,20.522500,-96.037763
-2.169800,18.951400,-96.146976
-2.631230,18.061500,-96.487463
-3.125610,17.649500,-97.053263
-3.707890,17.753900,-97.635563
-4.383540,18.094500,-97.695963
-5.141600,18.555900,-95.839276
-5.075680,18.660300,-94.389763
-5.405270,18.814100,-93.032263
-6.086430,19.385400,-91.538163
-6.223750,20.407100,-89.659463
-5.789790,21.324500,-88.148863
-5.278930,21.950700,-87.396263
-4.828490,22.467000,-86.929326
-4.465940,22.835100,-86.544863
-3.609010,23.164700,-86.105363
-3.301390,23.197600,-86.248263
-3.076170,23.208600,-86.599763
-2.916870,23.170200,-87.198563
-2.872920,23.082300,-88.044463
-2.988280,22.917500,-89.033263
-3.202510,22.741700,-90.093463
-3.427730,22.725200,-90.955863
-3.762820,22.884500,-91.411763
-4.328610,23.362400,-91.175563
-3.746340,23.906300,-90.098963
-2.817990,24.570900,-89.099163
-2.164310,24.999400,-88.912463
-1.785280,24.982900,-89.269463
-1.345830,24.527000,-89.912146
-0.780029,23.620600,-90.747130
-0.395508,20.961900,-92.180830
-0.203247,19.967700,-92.180830
0.054932,19.292000,-91.763383
0.384521,19.066800,-91.225383
0.802002,19.489700,-91.054783
1.120610,20.582900,-91.593478
2.279660,22.543900,-93.801378
3.081670,23.494300,-95.251578
3.021240,24.461100,-96.871978
2.543330,24.999400,-98.157378
2.241210,25.224600,-99.102278
2.169800,25.241100,-100.025278
1.950070,25.224600,-101.085783
1.724850,25.340000,-101.997858
1.625980,25.493800,-102.469783
1.532590,25.543200,-102.437783
1.411740,25.356400,-101.442783
1.532590,25.048800,-100.662783
1.790770,24.620400,-99.772378
2.186280,24.153400,-98.844378
2.697140,23.730500,-97.932178
3.312380,23.439300,-97.135678
3.713380,23.307500,-96.767678
3.273930,23.477800,-97.448778
1.994020,24.230300,-98.992378
0.873413,24.763200,-99.613783
-0.543823,24.620400,-99.288930
-1.054690,23.906200,-98.673793
-1.543580,22.835100,-97.998793
-1.779790,21.269500,-97.470793
-1.845700,19.489700,-97.305979
-2.092900,18.369100,-97.366379
-2.504880,17.913200,-97.597793
-3.169560,17.918700,-98.047593
-4.575810,18.561400,-97.750993
-4.927370,18.742700,-96.800593
-5.108640,18.885500,-95.454793
-5.663450,19.215100,-94.092493
-6.284180,19.967700,-92.653293
-6.020510,20.956400,-90.802293
-5.685420,21.709000,-89.681429
-5.366820,22.263800,-89.236593
-4.801030,23.082300,-88.582893
-4.515380,23.258100,-88.560893
-4.328610,23.318500,-88.802593
-4.196780,23.324000,-89.269459
-4.103390,23.247100,-89.851793
-4.097900,23.142700,-90.604279
-4.432980,22.890000,-92.345623
-4.735110,22.791100,-93.241293
-5.119630,22.840600,-93.889293
-5.619510,23.071300,-94.158393
-5.938110,23.384400,-93.927693
-5.465700,24.021600,-92.636769
-3.361820,25.416900,-90.219793
-2.763060,25.576200,-90.087993
-2.406010,25.449800,-90.428593
-1.939090,24.993900,-91.263493
-1.192020,24.093000,-92.257749
-0.769043,22.708700,-93.378330
-0.758057,21.082800,-94.075930
-0.604248,19.863300,-94.086930
0.159302,18.495500,-93.032293
0.543823,18.577900,-92.842293
0.983276,19.215100,-93.345393
1.351320,20.121500,-94.449539
1.686400,20.874000,-95.822895
2.202760,21.126700,-97.355339
3.405760,21.741900,-98.695739
3.455200,22.796600,-100.393739
3.015750,23.378900,-101.591393
2.620240,24.164400,-103.129393
2.400510,24.257800,-103.898393
2.015990,24.246800,-104.332393
1.818240,23.944700,-104.073393
1.708370,23.642600,-103.373393
1.658940,23.225100,-102.486393
1.647950,22.774700,-101.563393
1.631470,22.329700,-100.668393
1.768800,21.879300,-99.915284
2.680660,21.181600,-98.673739
3.284910,20.753200,-98.201339
4.010010,20.401600,-97.717939
4.114380,20.203900,-97.597939
3.081670,21.033300,-98.338639
1.922610,21.791400,-98.377139
0.708618,22.066000,-98.360639
0.142822,22.044100,-97.943193
-0.340576,21.445300,-97.349930
-0.648193,20.220300,-96.756630
-0.845947,17.017800,-96.569830
-1.104130,16.468500,-96.690783
-1.395260,16.589400,-96.701783
-1.900630,17.045300,-96.564383
-2.587280,17.808800,-96.108483
-3.218990,18.797600,-95.322983
-3.894650,19.665500,-94.476983
-5.251460,20.989400,-92.208383
-4.960330,21.851800,-90.824383
-4.504390,22.401100,-89.774883
-4.130860,22.890000,-89.181549
-3.889160,23.494300,-88.577383
-3.691410,24.027100,-88.044483
-3.598020,24.538000,-87.632448
-3.614500,24.999400,-87.379848
-3.592530,25.307000,-87.665428
-3.609010,25.197100,-88.258783
-3.790280,24.977400,-89.082683
-4.042970,24.642300,-89.956183
-4.422000,24.224900,-90.944862
-4.795530,23.928200,-91.867783
-5.213010,23.807400,-92.565383
-5.059200,24.213900,-91.444768
-3.702390,25.087300,-89.227683
-2.686160,25.735500,-87.885183
-1.983030,26.120000,-87.055752
-1.614990,26.196900,-86.830483
-1.296390,25.839800,-87.132683
-0.763550,25.054300,-87.742383
-0.351562,23.851300,-88.742130
0.302124,20.637800,-89.664953
0.977783,19.385400,-89.033253
1.593020,18.495500,-87.995325
2.197270,18.001100,-87.050225
2.724610,18.220800,-86.918325
3.081670,19.105200,-87.632425
3.125610,20.187400,-88.906925
3.641970,21.016800,-92.038425
4.669190,21.527700,-93.532125
4.702150,22.423100,-95.322925
4.306640,23.131700,-96.498425
4.048460,23.576700,-97.124625
3.938600,23.757900,-97.657563
3.614500,23.796400,-98.250763
3.229980,23.746900,-98.541925
2.999270,23.582200,-98.256225
2.768550,22.999900,-96.718125
2.730100,22.582400,-95.822813
2.812500,22.126500,-94.932913
3.120120,21.741900,-94.048525
3.641970,21.461800,-93.213525
4.268190,21.159700,-92.510425
4.982300,20.879500,-91.922643
4.152830,21.406900,-92.631225
2.971800,22.285800,-92.971823
1.873170,22.813100,-92.845525
1.071170,23.049300,-92.532325
0.516357,22.851600,-92.070953
0.082397,22.192400,-91.472230
-0.175781,21.016800,-90.840530
-0.302124,19.286500,-90.653730
-1.126100,17.050800,-91.175583
-1.614990,16.946400,-91.373333
-2.257690,17.309000,-91.461233
-2.977290,17.913200,-91.153633
-3.499150,18.435100,-90.401633
-4.097900,18.907500,-89.467263
-4.751590,19.654500,-88.280633
-5.339360,20.495000,-87.143663
-5.284420,21.324500,-85.759333
-4.575810,22.329700,-84.149833
-4.273680,22.769200,-83.726833
-4.064940,23.186600,-83.402733
-3.889160,23.516200,-83.254433
-3.746340,23.725000,-83.331343
-3.702390,23.752400,-83.649933
-3.641970,23.659100,-84.056433
-3.543090,23.505200,-84.572833
-3.565060,23.291000,-85.347383
-3.955080,22.708700,-87.198533
-4.213260,22.543900,-88.017533
-4.520870,22.615400,-88.560833
-4.883420,22.780200,-88.819833
-4.866940,23.060300,-88.418833
-4.075930,23.697500,-87.182833
-3.010250,24.455600,-86.061433
-2.186280,24.829100,-85.781233
-1.543580,24.741200,-86.017533
-0.977783,24.279800,-86.610730
-0.159302,21.906700,-88.407630
-0.010986,20.429100,-88.906900
0.263672,19.253500,-88.775069
0.609741,18.391100,-88.099469
0.939331,18.012100,-87.330369
1.312870,18.374600,-87.163037
1.636960,19.303000,-87.808204
2.219240,20.830100,-90.620737
3.191530,21.401400,-92.136837
3.768310,22.373700,-93.642837
3.515620,23.153700,-94.949337
3.131100,23.582200,-95.679934
3.098140,23.796400,-96.075437
3.158570,23.895300,-96.602837
2.768550,24.010600,-97.393837
2.675170,23.829300,-97.047737
2.631230,23.549200,-96.394737
2.510380,23.219600,-95.548137
2.340090,22.846100,-94.553837
2.334590,22.434100,-93.449737
2.581790,21.978100,-92.274237
3.032230,21.494800,-91.153637
3.598020,21.082800,-90.219737
4.724120,20.462000,-89.000214
4.669190,20.407100,-88.978337
3.878170,21.077300,-89.582537
2.861940,21.972700,-90.022537
2.059940,22.527500,-90.054937
1.455690,22.587900,-89.884637
0.983276,22.104500,-89.467269
0.659180,21.027800,-88.978327
0.439453,19.374400,-88.824569
0.203247,17.600100,-88.956369
-0.609741,15.869800,-88.742190
-1.104130,16.188400,-88.418219
-1.944580,16.940900,-88.126819
-2.889400,17.748400,-87.676482
-3.773800,18.402100,-86.995282
-5.438230,20.538900,-84.567319
-5.438230,20.538900,-84.567319
-5.718380,21.549700,-83.139319
-5.498660,22.159400,-82.199719
-5.009770,22.884500,-81.271419
-4.883420,23.164700,-80.853919
-4.746090,23.549200,-80.480319
-4.597780,23.840300,-80.233219
-4.405520,23.961200,-80.233219
-4.207760,23.939200,-80.518819
-3.922120,23.615100,-81.496619
-3.872680,23.400900,-82.100819
-3.878170,23.175700,-82.727119
-3.949580,22.988900,-83.265419
-4.097900,22.999900,-83.490642
-4.301150,23.225100,-83.441219
-4.290160,23.554700,-83.051119
-2.395020,24.928000,-80.469472
-1.494140,25.460800,-80.018919
-0.769043,25.565200,-80.205790
-0.153809,25.279500,-80.820990
0.395508,24.428100,-81.749399
0.670166,22.977900,-82.677699
0.774536,21.483800,-83.265499
1.587520,19.319500,-82.496350
1.944580,19.281000,-81.892135
2.356570,19.693000,-81.754835
2.664180,20.407100,-82.545850
2.850950,21.379400,-83.930150
2.982790,22.384600,-85.473650
3.630980,23.115200,-86.693150
4.685670,23.917200,-87.797250
4.586790,24.971900,-89.615550
3.685910,26.169400,-92.098450
3.493650,26.554000,-93.202545
3.076170,26.779200,-94.251750
2.587280,26.845100,-95.020850
2.587280,26.845100,-95.020850
2.384030,26.383700,-94.828550
2.263180,26.158400,-94.328650
2.158810,25.845300,-93.636550
2.197270,25.438800,-92.757650
2.477420,25.076300,-91.691950
2.796020,24.603900,-90.686650
3.856200,23.631600,-88.978385
4.075930,23.131700,-88.753150
2.977290,23.313000,-90.153815
1.697390,23.845800,-91.236150
0.763550,24.202900,-91.214150
-0.203247,24.164400,-91.098690
-0.851440,23.719500,-90.637269
-1.213990,22.593400,-89.939669
-1.279910,20.681800,-89.417769
-1.340330,18.676800,-89.357369
-2.087400,16.754200,-90.373537
-2.554320,16.627800,-90.944869
-3.191530,16.886000,-90.955887
-3.894650,17.325400,-90.516469
-4.334110,17.616600,-89.616469
-4.229740,17.951700,-88.253269
-4.312130,18.330700,-86.808569
-5.174560,18.610800,-85.374869
-5.092160,20.462000,-81.947967
-4.735110,21.022300,-81.463669
-4.531860,21.522200,-81.189669
-4.422000,21.906700,-81.013297
-4.075930,22.137500,-80.837469
-3.878170,22.093500,-80.875969
-3.746340,22.104500,-81.178969
-3.696900,22.126500,-81.606497
-3.905640,21.901200,-83.259969
-4.191280,21.654100,-84.265169
-4.509890,21.373900,-85.270469
-4.894410,21.269500,-86.072469
-5.454710,21.319000,-86.704147
-6.069950,21.434300,-87.011769
-6.047970,21.752900,-86.352569
-4.850460,22.615400,-84.825469
-3.823240,23.329500,-84.397469
-3.004760,23.494300,-84.638769
-2.158810,22.829600,-86.066969
-1.488650,21.928700,-87.204969
-1.093140,20.231300,-87.962969
-1.087650,18.715200,-88.472969
-0.977783,17.396900,-88.346690
-0.851440,16.633300,-87.978569
-0.582275,16.699200,-87.572690
0.357056,18.176900,-88.297169
0.851440,19.149200,-89.269417
1.642460,19.797400,-90.483417
2.823490,20.500500,-92.076417
3.356320,21.450800,-93.955117
3.103640,22.241800,-95.701917
2.570800,22.659300,-96.981892
2.460940,22.966900,-97.992617
2.191770,23.549200,-100.283169
1.961060,23.757900,-100.992169
1.829220,23.807400,-101.025169
1.697390,23.741500,-100.552169
1.598510,23.549200,-99.838317
1.735840,22.708700,-97.915617
1.966550,22.252800,-96.981817
2.384030,21.851800,-96.119417
2.955320,21.522200,-95.377817
3.614500,21.258500,-94.850582
4.323120,20.994900,-94.444817
4.378050,21.000400,-94.674717
3.526610,21.741900,-95.570117
1.466670,22.796600,-95.971117
0.812988,22.763700,-95.718469
0.368042,22.263800,-95.191469
-0.065918,21.351900,-94.433690
-0.329590,19.791900,-93.828769
-0.335083,17.973600,-93.653690
-0.494385,16.770600,-93.867290
-1.285400,16.688200,-94.422804
-1.900630,17.177100,-94.378139
-2.559810,17.786900,-93.894739
-3.142090,18.292200,-93.169639
-3.762820,18.654800,-92.301639
-4.427490,19.165600,-91.109639
-4.713130,20.780600,-88.330139
-4.317630,21.395900,-87.346839
-3.944090,21.945200,-86.814839
-3.740840,22.549400,-86.385539
-3.658450,23.038300,-86.061439
-3.598020,23.280000,-86.012614
-3.576050,23.411900,-86.539339
-3.565060,23.291000,-86.923834
-3.587040,23.043800,-87.456739
-3.751830,22.763700,-88.170839
-4.031980,22.439600,-88.956339
-4.389040,22.082500,-89.791339
-5.234990,21.714500,-90.895439
-5.795290,21.824300,-91.214439
-6.102910,22.071500,-91.263439
-5.427250,22.587900,-90.307639
-4.411010,23.302000,-89.192564
-3.488160,23.862300,-88.736639
-2.817990,24.038100,-88.972839
-2.351070,23.867800,-89.626539
-1.373290,22.329700,-91.609539
-1.043700,20.868500,-92.230254
-0.867920,19.303000,-92.323654
-0.543823,17.946200,-91.961190
-0.043945,17.072800,-91.417200
0.433960,16.918900,-91.060217
0.917358,17.358400,-91.203172
1.483150,18.209800,-91.807317
1.988530,19.220600,-92.724617
3.197020,20.225800,-95.300917
4.059450,21.005900,-96.833517
4.053960,22.077000,-98.569352
3.422240,22.857100,-100.124172
2.993770,23.373400,-101.376172
2.812500,23.686500,-102.574617
2.449950,23.807400,-103.689172
2.037960,23.845800,-104.409172
1.785280,23.873300,-104.513172
1.406250,23.900800,-103.403172
1.400760,23.774400,-102.483172
1.461180,23.461300,-101.558172
1.598510,23.038300,-100.772172
1.911620,22.565900,-100.113172
2.438960,22.148400,-99.651517
3.054200,21.818800,-99.503252
3.350830,21.522200,-99.799817
1.741330,22.307700,-101.843172
0.565796,22.565900,-102.371720
-0.422974,22.505500,-102.634200
-1.038210,22.104500,-102.593420
-1.362300,21.154200,-102.294342
-1.367800,19.808300,-101.849342
-1.296390,18.479000,-101.479342
-1.411740,17.660500,-101.365420
-2.164310,17.726400,-101.964420
-2.741090,18.204300,-102.003420
-3.218990,18.715200,-101.437420
-3.460690,18.995400,-100.349420
-3.641970,19.039300,-98.981342
-4.114380,19.275500,-97.591642
-4.356080,19.978600,-95.960142
-3.587040,21.357400,-93.515642
-3.153080,22.033100,-92.796642
-2.878420,22.615400,-92.164342
-2.686160,23.071300,-91.637342
-2.466430,23.340500,-91.159142
-2.334590,23.389900,-90.769142
-2.329100,23.307500,-90.642714
-2.285160,23.203100,-90.791142
-2.230220,22.901000,-92.367634
-2.482910,22.637300,-93.565142
-2.883910,22.280300,-94.674742
-3.367310,21.994600,-95.608542
-3.927610,21.851800,-96.344642
-4.542850,21.829800,-96.899442
-5.004270,21.895800,-97.174142
-4.801030,22.077000,-96.833514
-3.746340,22.631800,-95.756842
-2.839970,23.120700,-95.344842
-1.928100,22.901000,-96.432549
-1.527100,22.066000,-97.344449
-1.148070,20.769700,-98.009942
-0.983276,19.264500,-98.184820
-0.796509,17.935200,-98.058520
-0.620728,17.017800,-97.860720
-0.164795,17.506700,-97.712420
0.274658,18.479000,-98.239724
0.659180,19.506200,-99.151624
1.181030,20.242300,-100.179242
2.076420,20.901500,-101.305242
2.488400,22.005600,-102.799524
2.070920,22.835100,-104.194242
1.466670,23.197600,-105.222242
1.208500,23.966700,-106.919524
0.928345,24.241300,-107.882420
0.659180,24.389600,-108.474242
0.549316,24.422600,-108.452420
0.549316,24.395100,-107.985420
0.626221,24.246800,-107.298420
0.774536,23.900800,-106.463420
0.928345,23.444800,-105.628420
1.812740,22.362700,-104.134842
2.499390,21.846300,-103.502842
3.235470,21.406900,-103.024842
3.938600,21.093800,-102.662484
4.196780,21.044300,-102.673842
3.405760,21.709000,-103.513384
2.416990,22.522000,-103.793384
1.625980,22.901000,-103.313384
0.763550,22.434100,-101.135842
0.285645,21.522200,-100.096420
-0.032959,20.148900,-99.376820
0.049439,18.198900,-99.102220
0.005493,16.468500,-99.321900
-0.582275,15.567600,-99.354990
-0.582275,15.567600,-99.354990
-1.153560,16.001600,-99.360499
-2.581790,16.929900,-98.580399
-3.493650,17.330900,-97.816899
-4.317630,17.979100,-96.466899
-4.861450,18.429600,-94.795599
-4.949340,19.220600,-93.477299
-4.449460,19.517200,-92.395299
-3.812260,20.028100,-91.615299
-3.878170,20.363200,-91.521699
-3.784790,20.665300,-91.411799
-3.751830,20.846600,-91.461299
-3.812260,20.879500,-91.829299
-3.900150,20.720200,-92.351199
-3.900150,20.462000,-93.010320
-4.317630,19.747900,-94.740699
-4.641720,19.396400,-95.570199
-5.037230,19.346900,-96.086499
-5.619510,19.533700,-96.366699
-6.284180,19.841300,-96.536999
-6.608280,20.286300,-96.619399
-5.526120,21.610100,-95.372399
-3.455200,23.065800,-95.361340
-2.922360,23.005400,-96.037399
-2.526860,22.450600,-96.882999
-1.906130,21.703500,-97.756399
-1.417240,20.440100,-98.443399
-1.439210,18.880000,-98.772634
-1.433720,17.759400,-98.624399
-0.719604,16.908000,-97.932199
-0.203247,17.473800,-97.745490
0.340576,18.429600,-98.162849
0.802002,19.572100,-99.069249
1.532590,20.148900,-100.206249
2.911380,20.819100,-101.591249
3.625490,21.807900,-103.239249
3.427730,22.522000,-104.694925
2.944340,22.955900,-105.875249
2.988280,23.708500,-108.149249
2.757570,23.840300,-109.226249
2.559810,23.670000,-109.737262
2.504880,23.439300,-109.655249
2.422490,23.192100,-109.133249
2.318120,22.796600,-108.353249
2.301640,22.390100,-107.446249
2.356570,21.967200,-106.545249
2.856450,21.066300,-104.991249
3.411250,20.659800,-104.326249
4.081420,20.275300,-103.793249
4.740600,19.802900,-103.304325
4.669190,19.704000,-103.409325
3.751830,20.374100,-103.942249
2.614750,21.126700,-103.982249
1.450200,21.445300,-103.931225
0.318604,20.714700,-103.145490
0.104370,19.506200,-102.689549
0.159302,17.913200,-102.458490
0.120850,16.463000,-102.497585
-0.071411,15.754400,-102.656000
-0.318604,15.864300,-102.827600
-0.791016,16.408100,-102.821600
-2.411500,17.797900,-101.772816
-3.218990,18.297700,-100.698160
-3.872680,18.698700,-99.327416
-4.487920,19.401900,-97.981616
-4.487920,20.258800,-96.668716
-4.097900,20.863000,-95.701987
-3.702390,21.494800,-95.229516
-3.526610,22.247300,-94.866916
-3.587040,23.450300,-94.196816
-3.669430,23.873300,-94.147316
-3.801270,24.060100,-94.411316
-3.916630,24.098500,-94.817516
-3.982540,23.961200,-95.361316
-4.185790,23.659100,-96.048316
-4.894410,23.087800,-97.657516
-5.355830,22.895500,-98.454516
-5.894170,22.851600,-99.041716
-6.470950,23.010900,-99.299916
-6.481930,23.345900,-98.701216
-5.399780,24.076500,-96.981816
-4.136350,24.878500,-95.476716
-3.306880,25.274000,-94.965872
-2.828980,25.361900,-95.070216
-1.708370,24.334700,-96.394216
-1.049190,23.164700,-97.448716
-0.758057,21.406900,-98.377160
-0.543823,19.769900,-98.723160
-0.153809,18.468000,-98.377116
0.225220,17.775900,-97.613512
0.686646,17.677000,-96.926912
1.290890,18.056000,-96.784191
1.867680,18.693200,-97.157612
2.224730,19.478800,-98.107912
2.438960,20.110500,-99.475712
3.933110,20.824600,-102.728116
4.191280,21.752900,-104.535116
3.790280,22.533000,-105.969512
3.510130,23.043800,-106.771116
3.488160,23.318500,-107.314116
3.312380,23.285500,-107.824116
2.977290,23.060300,-108.012116
2.614750,22.335200,-106.688116
2.543330,22.022100,-105.661116
2.499390,21.714500,-104.639116
2.521360,21.395900,-103.656116
2.746580,21.159700,-102.728116
3.186040,20.983900,-101.882116
4.570310,20.440100,-100.706116
5.031740,20.214800,-100.497116
4.592290,20.506000,-100.931712
3.444210,21.308000,-101.525712
2.224730,21.983600,-101.585116
1.235960,22.390100,-101.315116
0.181274,21.796900,-100.021160
-0.093384,20.632300,-99.371300
-0.181274,19.099700,-99.091230
-0.285645,17.704500,-99.190130
-0.538330,16.891500,-99.349413
-0.878906,16.831100,-99.464730
-1.384280,17.292500,-99.552673
-2.037960,17.935200,-99.354973
-2.746580,18.490000,-98.838550
-4.207760,19.259000,-97.212597
-4.801030,19.813800,-96.223873
-4.866940,20.632300,-95.037273
-4.498900,21.330000,-93.955137
-4.103390,21.879300,-93.339873
-3.729860,22.450600,-92.916973
-3.515630,22.994400,-92.559873
-3.477170,23.444800,-92.307173
-3.449710,23.779900,-92.169873
-3.383790,23.994100,-92.268773
-3.356320,23.867800,-92.532373
-3.416750,23.648100,-92.944373
-3.636470,23.351400,-93.460773
-3.966060,22.983400,-94.015573
-4.339600,22.598900,-94.515457
-4.746090,22.230800,-94.834573
-5.218510,21.912200,-94.905473
-5.652470,21.615600,-94.773673
-4.592290,21.011400,-93.482773
-3.323360,21.324500,-93.048773
-2.263180,21.698000,-93.120177
