-1.653440,22.620800,-91.807370
-1.658940,22.631800,-91.851270
-1.642460,22.626300,-91.906170
-1.647950,22.626300,-91.928170
-1.658940,22.620800,-91.878770
-1.823730,22.609900,-91.719470
-2.010500,22.598900,-91.571947
-2.235720,22.571400,-91.340370
-2.455440,22.516500,-90.950370
-2.598270,22.450600,-90.318670
-2.565310,22.406600,-89.445270
-2.466430,22.384600,-87.841270
-2.493900,22.340700,-87.637927
-2.400510,22.335200,-87.555570
-2.186280,22.373700,-87.066770
-1.873170,22.285800,-86.138370
-1.131590,22.335200,-84.281670
-0.933838,22.302200,-83.534500
-0.895386,22.252800,-82.990700
-0.840454,22.159400,-82.672100
-0.703125,22.033100,-82.567700
-0.532837,21.884800,-82.683100
-0.280151,21.588100,-83.452100
-0.230713,21.368400,-83.858600
-0.258179,21.060800,-84.177200
-0.395508,20.764200,-84.429900
-0.670166,20.604900,-84.633200
-1.054690,20.632300,-84.809320
-1.510620,20.835600,-84.962820
-2.026980,21.071800,-85.116620
-3.416750,21.450800,-86.083420
-3.883670,21.813400,-86.533820
-3.620000,22.505500,-86.511834
-2.988280,23.126200,-86.599720
-2.603760,23.455800,-87.352320
-2.378540,23.494300,-88.538820
-2.059940,23.153700,-89.774820
-1.658940,22.538500,-90.598820
-1.554570,20.522500,-90.664720
-1.483150,19.802900,-90.450420
-1.197510,19.374400,-90.483420
-0.928345,19.292000,-90.856920
-0.593262,19.654500,-91.565600
-0.109863,20.412600,-92.609300
0.780029,21.297000,-93.817793
1.845700,22.274800,-95.295479
2.307130,23.384400,-97.047793
1.735840,24.845600,-99.975693
1.818240,25.274000,-101.069693
1.906130,25.526700,-102.244930
1.763310,25.636600,-103.431930
1.636960,25.554200,-104.266930
1.625980,25.345500,-104.573930
1.549070,25.180700,-104.474930
1.417240,25.076300,-104.123930
1.582030,24.631300,-102.865930
1.812740,24.213900,-102.068930
2.092900,23.774400,-101.327893
2.570800,23.384400,-100.585893
3.213500,23.043800,-99.860289
3.790280,22.708700,-99.294493
3.669430,22.659300,-99.470293
2.427980,23.329500,-100.778930
0.120850,24.235800,-101.656930
-0.455933,24.296300,-101.321000
-0.906372,23.873300,-100.635000
-1.406250,22.928500,-99.838350
-1.823730,21.489300,-99.256350
-1.977540,18.479000,-99.146125
-2.323610,17.951700,-99.464750
-2.817990,17.979100,-99.777850
-3.427730,18.215300,-99.959150
-4.010010,18.676800,-99.700950
-4.509890,19.198600,-98.953950
-4.910890,19.583100,-97.838750
-5.465700,19.879800,-96.674275
-6.245730,20.434600,-95.366850
-5.949100,22.489000,-92.323609
-5.531620,23.131700,-91.664450
-5.037230,23.812900,-91.208550
-4.641720,24.378700,-90.856950
-4.345090,24.752200,-90.786950
-4.103390,24.928000,-90.977895
-3.900150,24.960900,-91.351350
-3.652950,25.059800,-91.680950
-3.471680,25.081800,-92.136850
-3.488160,25.043300,-92.834550
-3.883670,24.735700,-94.757150
-4.163820,24.669800,-95.762350
-4.493410,24.741200,-96.372150
-4.735110,24.906000,-96.509415
-4.312130,25.290500,-95.701950
-3.059690,25.911300,-94.103450
-1.900630,26.652800,-92.883950
-1.181030,27.053800,-92.197350
-0.741577,27.163700,-91.944600
0.137329,25.768400,-93.257460
0.422974,24.389600,-94.070460
0.466919,22.796600,-94.487960
0.834961,21.527700,-94.174860
1.307370,20.604900,-93.460786
1.691890,20.192900,-92.675286
2.087400,20.555400,-92.274229
2.460940,21.368400,-92.526986
2.592770,23.175700,-94.976886
3.202510,23.571200,-96.218386
4.015500,24.455600,-97.404839
3.674930,25.383900,-99.047286
3.186040,25.878300,-100.091860
2.768550,26.163900,-100.898860
2.521360,26.142000,-101.613886
2.015990,26.059600,-102.428860
1.625980,26.043100,-102.928860
1.428220,25.812400,-102.134860
1.439210,25.592700,-101.299860
1.395260,25.230100,-100.453860
1.455690,24.763200,-99.651586
1.779790,24.268800,-98.833586
2.933350,23.494300,-97.289486
3.565060,23.104200,-96.729186
4.163820,22.879000,-96.361119
3.620000,23.164700,-97.311411
2.477420,23.983200,-98.541986
1.439210,24.538000,-98.789199
0.406494,24.664300,-98.838560
-0.697632,23.834800,-97.877200
-1.126100,22.780200,-97.130172
-1.362300,21.055300,-96.723672
-1.538090,19.308500,-96.729120
-1.928100,18.111000,-96.877491
-2.285160,17.644000,-97.152112
-2.861940,17.682500,-97.531120
-3.609010,18.017600,-97.569620
-4.290160,18.583400,-97.146620
-4.757080,19.061300,-95.196520
-5.460210,19.401900,-93.988520
-6.273190,20.220300,-92.763120
-5.965580,21.214600,-90.719620
-5.570070,21.780400,-89.566620
-5.075680,22.247300,-89.104620
-4.625240,22.642800,-88.725620
-4.246220,22.884500,-88.582820
-3.834230,23.043800,-88.802520
-3.246460,23.054800,-89.835220
-2.922360,22.983400,-90.219720
-2.719120,22.851600,-90.725120
-2.669680,22.659300,-91.356820
-2.768550,22.401100,-92.087420
-2.933350,22.208900,-92.949820
-3.131100,22.241800,-93.581582
-3.411250,22.406600,-93.883720
-3.768310,22.554900,-93.944120
-3.493650,23.142700,-92.878420
-2.614750,23.807400,-92.081920
-1.944580,24.241300,-92.213720
-1.472170,24.290800,-92.916920
-0.999756,23.955700,-93.861700
-0.565796,23.065800,-94.866900
-0.384521,21.802400,-95.630500
-0.346069,20.593900,-95.960100
-0.208740,19.632600,-95.734910
-0.021973,19.050300,-95.053700
0.197754,19.006300,-94.427537
0.823975,20.621300,-95.262537
1.510620,21.599100,-96.399554
2.653200,22.675800,-97.860755
3.043210,23.834800,-99.755954
2.609250,24.598400,-101.497537
1.999510,25.147700,-103.887537
1.999510,25.147700,-103.887537
1.829220,25.208100,-105.249537
1.433720,25.263100,-106.699537
0.944824,25.394900,-108.001370
0.785522,25.438800,-107.803370
0.582275,25.405900,-107.298370
0.560303,25.224600,-106.573370
0.917358,24.285300,-104.947370
1.279910,23.697500,-104.128737
1.752320,23.109700,-103.348737
2.323610,22.598900,-102.689737
2.812500,22.384600,-102.371974
2.246700,22.747200,-103.332974
1.219480,23.499800,-104.599737
0.153809,23.944700,-105.139370
-0.560303,24.071000,-105.018370
-1.439210,22.972400,-103.513370
-1.851200,21.538700,-102.816337
-2.076420,19.693000,-102.464337
-2.263180,18.325200,-102.376370
-2.444460,17.688000,-102.508637
-2.625730,17.660500,-102.623370
-3.054200,17.935200,-102.607337
-3.724370,18.374600,-102.321370
-4.312130,18.775600,-101.651370
-5.339360,19.407300,-99.843837
-5.965580,20.203900,-98.701237
-5.828250,21.247600,-96.948937
-5.361330,22.142900,-95.476737
-4.779050,22.747200,-94.702137
-4.169310,23.230600,-94.229737
-3.433230,23.966700,-93.806837
-3.208010,24.197400,-93.823237
-3.004760,24.268800,-94.021237
-2.785030,24.230300,-94.301137
-2.592770,24.126000,-94.647214
-2.526860,23.955700,-95.169137
-2.636720,23.741500,-95.833737
-2.861940,23.505200,-96.586337
-3.521120,23.296500,-97.822337
-3.960570,23.384400,-98.069537
-4.383540,23.532700,-98.091437
-4.361570,23.790900,-97.481737
-3.620000,24.351200,-96.190882
-2.730100,24.878500,-95.355874
-2.147830,25.065300,-95.388837
-1.746830,24.950000,-95.971188
-0.884399,23.499800,-97.893770
-0.686646,22.093500,-98.695770
-0.571289,20.714700,-99.008870
-0.340576,19.649000,-98.783687
-0.054932,18.934900,-98.201300
0.258179,18.803100,-97.591613
0.675659,19.297500,-97.476213
1.098630,20.214800,-98.075621
1.582030,21.027800,-99.080221
2.603760,21.549700,-100.234213
3.713380,22.335200,-101.635213
3.422240,24.043600,-104.716213
3.081670,24.570900,-105.842213
3.076170,24.900500,-106.875213
2.878420,25.032300,-108.007213
2.504880,25.032300,-108.962213
2.268680,24.845600,-109.303213
2.125850,24.614900,-109.083213
1.983030,24.466600,-108.611213
1.906130,24.296300,-107.979213
2.043460,23.670000,-106.436192
2.329100,23.258100,-105.667921
2.845460,22.868000,-104.897921
3.488160,22.527500,-104.211213
3.944090,22.186900,-103.761213
3.499150,22.351700,-104.277213
2.307130,23.131700,-105.293213
1.109620,23.725000,-105.719321
-0.461426,23.851300,-105.261300
-0.922852,23.378900,-104.584300
-1.312870,22.423100,-103.815430
-1.614990,20.972900,-103.326430
-1.818240,19.506200,-103.184430
-2.043460,18.424100,-103.167430
-2.246700,17.946200,-103.167743
-2.691650,17.973600,-103.217430
-4.053960,18.808600,-102.684430
-4.471440,19.165600,-101.821430
-4.828490,19.314000,-100.734143
-5.449220,19.934700,-99.591143
-6.036990,20.923500,-98.228843
-5.734860,21.879300,-96.383143
-5.317380,22.505500,-95.289943
-4.801030,23.082300,-94.647243
-3.988040,24.010600,-93.768343
-3.702390,24.274300,-93.680443
-3.466190,24.422600,-93.746343
-3.257450,24.466600,-93.982543
-3.070680,24.395100,-94.273743
-2.993770,24.202900,-94.828543
-3.054200,23.966700,-95.597554
-3.208010,23.725000,-96.487454
-3.466190,23.532700,-97.426843
-4.136350,23.582200,-98.668243
-4.460450,23.785400,-98.695743
-4.328610,24.137000,-98.036574
-3.449710,24.653300,-96.575343
-2.488400,25.334500,-95.515134
-1.878660,25.504800,-95.498743
-1.439210,25.351000,-96.113974
-0.944824,24.807100,-97.135630
-0.422974,23.818400,-98.184830
-0.241699,22.318700,-98.970330
0.126343,19.780900,-98.871533
0.505371,18.989900,-98.058533
0.856934,18.759200,-97.201533
1.257930,19.297500,-96.970853
1.521610,20.286300,-97.690453
1.785280,21.368400,-99.047253
2.708130,22.132000,-100.464253
3.801270,23.016400,-101.827533
3.383790,24.450100,-104.233533
3.295900,24.840100,-104.958353
3.537600,25.043300,-105.732353
3.444210,25.109300,-106.683533
3.109130,25.065300,-107.413533
2.955320,24.851100,-107.507533
2.911380,24.620400,-107.106533
2.620240,24.071000,-105.584553
2.499390,23.653600,-104.458533
2.532350,23.175700,-103.277533
2.796020,22.631800,-102.047533
3.284910,22.099000,-100.871753
3.845210,21.626600,-99.854753
4.482420,21.335400,-98.997853
4.872440,21.027800,-98.417853
4.092410,21.417800,-99.074753
1.757810,23.373400,-100.091533
1.071170,23.708500,-100.025533
0.604248,23.505200,-99.662533
0.087891,22.785600,-99.135130
-0.401001,21.780400,-98.536430
-0.488892,19.874300,-98.289230
-0.516357,18.083500,-98.289230
-0.955811,16.803600,-98.223330
-1.521610,16.655300,-98.129933
-3.257450,17.682500,-97.866233
-4.081420,18.319700,-97.388333
-5.130620,19.171100,-96.674233
-6.174320,20.242300,-95.482233
-6.915890,21.214600,-93.988233
-6.871950,22.214400,-92.598333
-6.586300,22.758200,-92.016833
-6.333620,23.142700,-91.724933
-6.289670,23.505200,-91.516133
-6.267700,23.845800,-91.312913
-6.113890,24.411600,-91.345833
-6.020510,24.488500,-91.642533
-5.899660,24.488500,-91.922633
-5.844730,24.290800,-92.356633
-5.883180,23.977700,-92.867433
-5.987550,23.631600,-93.493733
-6.075440,23.269000,-94.202373
-6.245730,23.148200,-94.713133
-6.498410,23.263500,-95.020833
-4.784550,24.499500,-92.493933
-3.317870,25.708000,-90.977893
-2.186280,26.180400,-90.181333
-1.389770,26.350700,-89.857233
-0.648193,26.054100,-90.203230
-0.104370,25.175200,-91.164623
0.219727,23.461300,-92.175323
0.302124,21.676000,-92.847532
0.884399,20.116000,-92.471932
1.933590,18.391100,-90.840532
2.499390,18.517500,-90.499932
2.938840,19.171100,-91.219532
3.224490,19.967700,-92.510432
3.268430,20.742200,-94.306632
3.229980,21.478300,-96.317132
3.944090,21.807900,-98.009132
4.943850,22.615400,-99.459232
4.965820,23.686500,-101.036323
4.498900,24.527000,-102.217363
3.949580,25.642100,-103.689323
3.493650,25.817900,-104.343323
3.010250,25.713500,-104.639323
2.713620,25.372900,-104.293323
2.570800,25.015900,-103.489332
2.493900,24.598400,-102.486332
2.356570,24.115000,-101.464332
2.307130,23.626100,-100.481323
2.521360,23.148200,-99.514232
2.933350,22.692300,-98.646232
3.493650,22.236300,-97.943132
3.735350,21.626600,-97.866232
2.559810,22.219800,-98.915432
1.389770,22.873500,-99.283432
0.379028,23.148200,-99.184623
-0.340576,22.999900,-98.712230
-0.878906,22.313200,-97.987130
-1.235960,20.874000,-97.344471
-1.483150,17.781400,-97.042213
-1.647950,17.221100,-97.333413
-1.955570,17.149700,-97.767313
-2.477420,17.352900,-97.921113
-3.043210,17.885700,-97.553113
-3.444210,18.599900,-96.663213
-3.861690,19.187600,-95.647213
-5.267940,20.555400,-93.433213
-5.180050,21.489300,-91.664413
-4.817500,22.148400,-90.401441
-4.400020,22.637300,-89.725313
-4.064940,23.164700,-89.307913
-3.812260,23.587600,-88.994813
-3.576050,23.955700,-88.780513
-3.411250,24.296300,-88.648713
-3.257450,24.466600,-88.665213
-3.098140,24.521500,-88.813513
-3.048710,24.191900,-90.038513
-3.229980,23.845800,-90.906413
-3.526610,23.400900,-91.851213
-3.856200,23.054800,-92.702621
-4.196780,22.862500,-93.400313
-4.619750,22.895500,-93.850713
-4.861450,23.049300,-93.773813
-4.570310,23.302000,-92.944381
-2.785030,24.428100,-90.788113
-2.246700,24.576400,-90.999811
-1.823730,24.351200,-91.779813
-1.307370,23.686500,-92.851813
-0.818481,22.489000,-93.861713
-0.631714,20.907000,-94.559313
-0.576782,19.379900,-94.784530
-0.455933,18.165900,-94.592330
-0.269165,17.550700,-94.213330
0.499878,18.237300,-94.465933
0.867920,19.154700,-95.564693
1.323850,20.000600,-96.915993
2.301640,20.725700,-98.388193
3.125610,21.626600,-100.201933
3.070680,22.500000,-102.079202
2.570800,23.043800,-103.464193
2.345580,23.417400,-104.431933
2.246700,23.961200,-106.496193
1.873170,24.142500,-107.386933
1.604000,24.241300,-107.628869
1.455690,24.301800,-107.216933
1.329350,24.301800,-106.447933
1.312870,24.142500,-105.547933
1.400760,23.801900,-104.656933
1.538090,23.351400,-103.898933
2.395020,22.428600,-102.538933
3.087160,22.049600,-101.964933
3.751830,21.763900,-101.607933
2.554320,22.500000,-103.250000
2.554320,22.500000,-103.250000
0.318604,23.538200,-104.008330
-0.313110,23.527200,-103.601330
-0.681152,23.038300,-102.772300
-0.928345,22.000100,-101.882300
-1.192020,20.495000,-101.442823
-1.466670,18.896500,-101.497230
-1.730350,17.819800,-101.656230
-2.070920,17.457300,-101.766230
-3.257450,18.001100,-101.514230
-3.911130,18.479000,-100.871423
-4.383540,18.792100,-99.953623
-4.866940,19.072300,-98.915423
-5.619510,19.736900,-97.822323
-5.938110,20.747700,-96.278723
-5.646970,21.687000,-94.746172
-5.218510,22.384600,-93.867223
-4.762570,23.032800,-93.306923
-4.130860,24.093000,-92.543392
-3.878170,24.373200,-92.444523
-3.680420,24.543500,-92.521423
-3.488160,24.565400,-92.774423
-3.312380,24.488500,-93.092723
-3.224490,24.257800,-93.669423
-3.279420,23.988600,-94.460423
-3.427730,23.736000,-95.344842
-3.955080,23.433800,-97.064223
-4.279170,23.505200,-97.542123
-4.553830,23.714000,-97.514612
-4.268190,24.054600,-96.635723
-3.273930,24.570900,-95.075723
-2.246700,25.186200,-93.938672
-1.527100,25.296000,-93.702467
-1.016240,25.087300,-94.004523
-0.521851,24.450100,-94.619830
-0.192261,23.345900,-95.443730
0.087891,20.478500,-96.113930
0.466919,19.385400,-95.504293
0.845947,18.665800,-94.570393
1.318360,18.528400,-94.015539
1.735840,19.165600,-94.372639
1.972050,20.286300,-95.515139
2.015990,21.379400,-97.069739
2.290650,21.879300,-98.750639
2.999270,22.302200,-100.327393
2.949830,23.197600,-101.977393
2.416990,23.746900,-103.365393
1.829220,24.323700,-105.392393
1.499630,24.406100,-106.447393
1.115110,24.450100,-107.446393
0.939331,24.389600,-107.891930
0.917358,24.224900,-107.682930
1.032710,24.060100,-107.073293
1.252440,23.873300,-106.315293
1.790770,23.197600,-105.123293
2.318120,22.703200,-104.738293
2.966310,22.225300,-104.488293
3.702390,21.846300,-104.414293
4.048460,21.659500,-104.764293
3.279420,21.967200,-105.776293
2.279660,22.620800,-106.326293
1.203000,22.923000,-106.496326
0.208740,22.944900,-106.479293
-0.466919,22.670300,-105.963300
-0.900879,21.890300,-105.128300
-1.071170,18.583400,-104.095830
-1.115110,17.061800,-104.425830
-1.433720,16.303700,-105.155830
-1.889650,16.084000,-106.046583
-2.395020,16.177400,-106.469830
-2.938840,16.754200,-106.106830
-3.515620,17.144200,-105.518830
-3.889160,17.243000,-104.591883
-4.295650,17.341900,-103.258830
-4.954830,17.237500,-101.464830
-5.564580,17.918700,-99.640583
-5.015260,19.270000,-97.245542
-4.652710,19.901700,-96.915983
-4.416500,20.506000,-96.608360
-4.372560,20.967400,-96.427983
-4.191280,21.071800,-96.416983
-4.235230,21.060800,-96.690783
-4.317630,20.967400,-97.245583
-4.257200,20.896000,-97.954156
-4.240720,20.780600,-99.129683
-4.844970,20.396100,-101.816830
-5.317380,20.374100,-102.876830
-5.861210,20.456500,-103.667830
-6.399540,20.665300,-104.106830
-6.498410,20.791600,-104.084830
-5.289920,21.648600,-102.678830
-4.185790,22.516500,-102.008830
-3.405760,22.868000,-102.321883
-3.021240,22.912000,-103.008883
-2.070920,21.648600,-104.812830
-1.609500,20.198400,-105.282283
-1.598510,18.742700,-105.432830
-1.593020,17.671500,-105.276830
-1.389770,16.913500,-105.172830
-1.060180,16.968400,-105.051830
-0.538330,17.863800,-105.298830
-0.049439,19.006300,-105.996000
0.582275,19.918200,-106.974960
2.894900,21.549700,-110.226450
2.796020,22.456100,-111.989496
2.246700,22.955900,-113.423950
2.235720,23.356900,-114.368496
2.460940,23.554700,-115.389496
2.213750,23.626100,-116.521496
1.812740,24.126000,-117.631850
1.713870,24.312700,-117.274496
1.538090,24.395100,-116.576496
1.428220,24.422600,-115.746496
1.466670,24.241300,-114.857496
1.664430,23.708500,-114.049496
1.999510,22.977900,-113.362496
2.565310,22.384600,-112.758496
3.202510,21.846300,-112.247496
3.883670,21.412400,-111.868496
3.257450,21.615600,-113.368496
2.098390,22.357200,-114.307496
1.054690,22.824100,-114.494496
0.230713,22.928500,-114.285960
-0.351563,22.582400,-113.679600
-0.703125,21.687000,-112.736960
-0.878906,20.088500,-11273696.000000
-1.016240,18.253800,-111.797960
-1.274410,16.973900,-111.945960
-1.977540,16.457500,-112.275960
-2.625730,16.781600,-112.039960
-3.345340,17.254000,-111.292996
-3.872680,17.638500,-110.259960
-4.108890,17.792400,-109.045960
-4.581300,18.270300,-107.737596
-5.191040,19.182100,-106.331960
-5.097660,20.148900,-104.321960
-4.828490,20.874000,-102.872196
-4.487920,21.555200,-102.047960
-3.911130,22.697800,-100.778960
-3.735350,23.032800,-100.538960
-3.609010,23.192100,-100.558960
-3.510130,23.285500,-100.772960
-3.444210,23.269000,-101.157296
-3.499150,23.120700,-101.832960
-3.685910,22.928500,-102.689960
-3.971560,22.714200,-103.599960
-4.350590,22.500000,-104.442600
-5.251460,22.450600,-105.579960
-5.690920,22.675800,-105.579960
-5.410770,22.966900,-104.628960
-4.339600,23.697500,-103.052896
-3.301390,24.213900,-102.217960
-2.466430,24.340200,-102.014960
-1.933590,24.142500,-102.294960
-1.505130,23.521700,-103.079960
-0.747070,20.934400,-104.634960
-0.631714,19.572100,-104.958600
-0.362549,18.407600,-104.672600
-0.049439,17.770400,-103.859000
0.357056,17.786900,-103.107590
0.791016,18.435100,-103.079590
1.115110,19.379900,-103.848959
1.422730,20.132400,-104.974959
2.131350,20.451000,-106.287496
3.229980,21.159700,-107.693959
3.065190,22.972400,-111.127959
2.543330,23.466800,-112.429959
2.389530,23.895300,-113.417959
2.312620,24.164400,-114.318959
1.966550,24.263300,-115.082959
1.625980,24.076500,-115.282959
1.400760,23.796400,-114.813959
1.208500,23.615100,-114.027396
1.076660,23.115200,-112.363959
1.093140,22.730700,-111.555959
1.257930,22.329700,-110.753959
1.691890,21.972700,-109.968959
2.296140,21.659500,-109.303959
2.938840,21.346400,-108.803959
3.389280,21.016800,-108.484959
3.004760,21.280500,-108.847959
1.933590,22.159400,-109.358959
0.906372,22.813100,-109.105590
-0.615234,22.955900,-107.529900
-1.170040,22.335200,-106.639990
-1.532590,21.077300,-106.139990
-1.680910,19.412800,-105.996990
-1.790770,18.078000,-105.989699
-1.862180,17.435300,-105.914990
-2.043460,17.501200,-105.842990
-2.581790,18.001100,-105.595990
-3.279420,18.660300,-104.991990
-4.839480,19.879800,-103.068990
-5.729370,20.863000,-101.788899
-5.960080,21.857300,-100.146990
-5.657960,22.571400,-98.706799
-5.262450,22.999900,-97.893799
-4.899900,23.362400,-97.377380
-4.636230,24.104000,-96.729180
-4.548340,24.433600,-96.635799
-4.504390,24.625900,-96.778699
-4.465940,24.658800,-97.069799
-4.438480,24.538000,-97.481780
-4.509890,24.252300,-98.102499
-4.685670,23.862300,-98.882499
-4.938350,23.444800,-99.711999
-5.273440,23.098800,-100.475990
-5.668950,22.928500,-101.047990
-6.102910,22.944900,-101.316990
-5.493160,23.571200,-99.684499
-4.334110,24.235800,-98.388199
-3.416750,24.664300,-97.855299
-2.741090,24.691800,-97.965199
-2.191770,24.510500,-98.415599
-1.593020,23.873300,-99.256599
-1.082150,22.681300,-100.228990
-0.873413,20.918000,-100.887990
-0.725098,19.297500,-100.964900
-0.390015,18.001100,-100.371900
0.346069,17.347400,-98.789173
0.812988,17.748400,-98.887973
1.186520,18.402100,-99.843897
1.472170,19.253500,-101.266973
1.845700,19.797400,-102.881697
3.103640,21.016800,-106.403973
2.702640,21.906700,-108.105973
2.224730,22.401100,-109.166973
2.109380,22.824100,-109.759973
2.054440,23.071300,-110.279973
1.669920,23.131700,-110.786973
1.087650,22.912000,-110.539297
0.939331,22.851600,-109.852730
0.840454,22.692300,-108.979730
0.785522,22.390100,-108.122730
0.823975,21.983600,-107.309730
1.098630,21.555200,-106.545973
1.587520,21.165200,-105.804973
2.219240,20.813600,-105.211973
2.889400,20.517000,-104.804120
3.466190,20.231300,-104.562973
3.471680,20.231300,-104.661973
1.373290,21.895800,-105.397973
0.291138,22.197900,-105.249730
-0.335083,22.159400,-104.738300
-0.845947,21.566200,-104.019300
-1.219480,20.456500,-103.371930
-1.323850,18.891000,-103.123193
-1.290890,17.479200,-103.112930
-1.675420,16.979400,-103.288930
-2.131350,17.457300,-103.118930
-2.757570,18.132900,-102.629930
-3.405760,18.836100,-101.819930
-4.119870,19.407300,-100.942930
-4.872440,20.116000,-99.981129
-5.185550,21.236600,-98.723193
-4.515380,22.522000,-96.531489
-4.213260,23.104200,-95.921693
-4.037480,23.752400,-95.344893
-3.988040,24.312700,-94.921993
-4.010010,24.779700,-94.641793
-4.114380,25.070800,-94.564893
-4.229740,25.285000,-94.619889
-4.328610,25.372900,-94.899993
-4.482420,25.296000,-95.388899
-5.284420,24.889500,-96.690793
-5.756840,24.439100,-97.327993
-6.240230,23.966700,-97.838793
-6.811520,23.532700,-98.212393
-7.245480,23.214100,-98.151993
-6.756590,22.774700,-97.042293
-5.548100,22.824100,-95.592229
-4.553830,23.186600,-94.812293
-3.647460,23.296500,-94.295793
