-0.714111,20.972900,-88.121350
-0.763550,20.753200,-88.159885
-0.796509,20.654300,-88.148850
-0.802002,20.604900,-88.165350
-0.807495,20.517000,-88.209235
-0.983276,20.390600,-88.302650
-1.148070,20.313700,-88.192765
-1.384280,20.165400,-87.808265
-1.840210,20.028100,-86.434965
-1.845700,20.039100,-85.654996
-1.669920,20.176400,-84.792565
-1.593020,20.368700,-84.243265
-1.746830,20.456500,-84.138865
-1.917110,20.599400,-84.215765
-1.884160,21.368400,-83.836765
-1.774290,21.632100,-81.622965
-1.527100,21.890300,-80.161796
-1.203000,22.121000,-79.129618
-1.010740,22.296800,-78.244665
-1.159060,22.368200,-77.915665
-1.197510,22.478000,-77.799767
-0.889893,22.362700,-77.865650
-0.796509,22.307700,-78.316650
-0.802002,22.203400,-78.837950
-0.889893,22.011100,-79.365250
-1.065670,21.665000,-79.898152
-1.351320,21.362900,-80.315625
-1.796260,21.220100,-80.661625
-3.092650,21.362900,-81.238425
-3.762820,21.340900,-81.622925
-4.504390,21.313500,-82.249125
-5.042720,21.538700,-82.677625
-4.411010,22.066000,-82.265663
-3.455200,22.604400,-82.260163
-2.735600,22.791100,-82.968762
-2.043460,22.307700,-85.512125
-1.576540,21.527700,-86.627225
-1.340330,20.105000,-87.055723
-1.307370,18.885500,-86.808525
-1.109620,17.918700,-86.484425
-0.977783,17.435300,-86.434950
-0.812988,17.748400,-86.632750
-0.543823,18.599900,-87.247950
-0.071411,19.775400,-88.319100
1.807250,21.884800,-90.961369
2.378540,23.230600,-92.949869
2.169800,24.235800,-94.647287
1.521610,24.730200,-96.097469
1.417240,25.164200,-97.300469
1.367800,25.433300,-98.591347
1.230470,25.768400,-99.997669
1.049190,26.153000,-101.321669
0.889893,26.482500,-102.376910
0.708618,26.707800,-103.068910
0.516357,26.773700,-103.258910
0.620728,26.493500,-102.147910
0.944824,26.087000,-101.074791
1.318360,25.510300,-99.981179
1.796260,24.878500,-98.909979
2.373050,24.296300,-97.882779
2.807010,23.950200,-97.289479
2.395020,23.889800,-97.904779
1.246950,24.290800,-99.338479
0.214233,24.741200,-100.074910
-0.472412,24.867600,-100.089100
-1.411740,23.939200,-99.069291
-1.801760,22.697800,-98.360691
-1.994020,20.786100,-97.926691
-2.164310,19.143700,-97.844291
-2.471920,18.193400,-98.024291
-2.850950,17.929700,-98.366191
-3.372800,18.045000,-98.547462
-3.977050,18.341700,-98.250791
-4.564820,18.550400,-97.492791
-4.812010,18.616300,-96.256791
-4.883420,18.797600,-94.729691
-6.026000,19.874300,-91.505166
-5.883180,20.918000,-89.566659
-5.493160,21.676000,-88.500459
-4.993290,22.203400,-88.082991
-4.559330,22.560400,-87.863291
-4.125370,22.681300,-87.841291
-3.674930,22.752700,-87.934691
-3.279420,22.769200,-88.181891
-2.955320,22.802100,-88.522391
-2.532350,22.752700,-89.621891
-2.488400,22.637300,-90.423189
-2.570800,22.472500,-91.323989
-2.697140,22.395600,-92.241291
-2.905880,22.527500,-92.841291
-3.246460,22.692300,-93.169691
-3.652950,22.818600,-93.317991
-3.576050,23.159200,-92.829991
-2.697140,23.653600,-91.757891
-1.856690,24.235800,-91.318491
-0.917358,24.290800,-92.702610
-0.516357,23.631600,-93.625510
-0.329590,22.384600,-94.471451
-0.318604,21.066300,-95.114110
-0.351563,19.967700,-95.344810
-0.291138,19.231600,-95.119610
-0.225220,18.995400,-94.592361
-0.043945,19.281000,-94.169310
0.439453,20.011600,-94.301131
2.823490,22.016600,-96.492913
3.620000,23.076800,-98.778193
3.609010,23.823900,-101.199131
3.438720,24.147900,-103.326131
3.526610,23.818400,-105.123131
3.630980,22.763700,-106.529131
3.488160,21.692500,-107.661131
2.823490,20.994900,-109.276131
2.477420,21.313500,-109.506131
2.120360,21.917700,-109.583131
1.878660,22.318700,-109.671131
1.955570,22.494500,-109.759131
2.471920,22.692300,-109.688131
3.218990,23.230600,-109.698131
3.834230,24.027100,-110.303131
4.257200,24.730200,-111.390313
5.092160,25.202600,-112.099131
4.625240,25.213600,-112.676131
3.257450,25.208100,-113.928131
1.994020,24.790600,-114.434131
1.126100,23.587600,-114.055413
0.214233,22.077000,-113.549131
-0.609741,20.907000,-112.896310
-0.812988,19.797400,-112.209100
-0.681152,18.566900,-112.198100
-1.016240,17.429800,-113.445610
-1.499630,17.512200,-113.813610
-1.988530,17.803300,-113.698610
-2.570800,18.193400,-113.132861
-3.257450,18.616300,-112.137610
-3.977050,18.918500,-110.726610
-4.850460,19.253500,-109.133610
-5.427250,20.061000,-107.543361
-5.295410,21.016800,-105.958610
-4.943850,21.637600,-104.799610
-4.306640,22.500000,-103.777230
-4.147340,22.796600,-103.398610
-4.097900,22.955900,-103.326861
-4.081420,22.994400,-103.656610
-4.064940,22.890000,-104.249566
-4.021000,22.719700,-104.865566
-4.037480,22.516500,-105.513610
-4.152830,22.280300,-106.221610
-4.345090,22.066000,-106.886161
-4.652710,21.802400,-107.474610
-5.009770,21.505700,-108.007610
-5.872190,21.522200,-108.402610
-5.960080,21.807900,-108.199610
-4.960330,22.450600,-107.166610
-3.647460,23.324000,-106.359661
-2.653200,23.746900,-106.364661
-2.037960,23.653600,-106.562610
-1.686400,23.032800,-107.023261
-1.351320,21.785900,-107.632610
-1.175540,20.072000,-108.045261
-1.142580,18.550400,-108.193610
-1.126100,16.787100,-107.787361
-0.873413,17.094700,-107.523100
-0.395508,17.858300,-107.556100
0.027466,18.918500,-108.127100
0.505371,20.028100,-108.946710
1.538090,20.994900,-109.918671
2.664180,21.939700,-111.448671
2.911380,22.857100,-113.253671
2.356570,23.477800,-114.895671
1.878660,23.922700,-116.279671
1.549070,24.708300,-119.388671
1.010740,25.120200,-121.058671
0.549316,25.460800,-122.256710
0.225220,25.691500,-122.673671
0.038452,25.834400,-122.448100
-0.087891,25.790400,-121.761000
-0.076904,25.526700,-120.734000
0.016480,25.103800,-119.603400
0.313110,24.603900,-118.438034
0.758057,24.093000,-117.378034
1.263430,23.527200,-116.433034
1.768800,22.966900,-115.895303
0.818481,23.367900,-117.175340
-0.038452,23.856800,-117.768000
-0.642700,24.054600,-117.350000
-1.076660,23.878800,-116.517680
-1.565550,23.203100,-115.477680
-2.005000,21.928700,-114.505777
-2.263180,18.462500,-113.582680
-2.438960,17.748400,-113.796680
-2.675170,17.556200,-114.148680
-3.054200,17.589100,-114.164868
-3.521120,17.935200,-113.604680
-3.900150,18.501000,-112.604468
-4.866940,19.638100,-110.413680
-5.443730,20.280800,-109.006680
-5.388790,21.319000,-106.946668
-4.938350,22.115500,-105.397680
-4.515380,22.653800,-104.793680
-4.081420,23.060300,-104.414680
-3.784790,23.472300,-103.986680
-3.515620,23.884300,-103.546680
-3.323360,24.213900,-103.246680
-3.158570,24.532500,-103.085680
-3.147580,24.499500,-103.414680
-3.235470,24.384200,-104.084680
-3.471680,24.153400,-104.941680
-3.834230,23.790900,-105.798680
-4.696660,23.263500,-107.243680
-4.696660,23.263500,-107.243680
-5.174560,23.345900,-107.643680
-5.564580,23.538200,-107.523680
-3.674930,24.697300,-104.097680
-2.664180,25.202600,-103.195680
-2.021480,25.197100,-103.052680
-1.021730,24.142500,-103.812680
-1.021730,24.142500,-103.812680
-0.609741,21.126700,-105.463800
-0.609741,21.126700,-105.463800
-0.170288,18.561400,-105.397800
-0.170288,18.561400,-105.397800
0.670166,18.078000,-104.546678
1.203000,18.847000,-104.897547
1.653440,19.764400,-105.782678
1.961060,20.549900,-106.902678
2.548830,20.961900,-108.215678
4.378050,22.769200,-111.182678
3.922120,23.549200,-112.665678
3.361820,24.137000,-113.736568
3.466190,24.532500,-114.538678
3.405760,24.724700,-115.483678
3.081670,24.592900,-116.268678
2.850950,24.461100,-116.543678
2.779540,24.400600,-116.318678
2.708130,24.180900,-115.697678
2.713620,23.922700,-114.873678
2.883910,23.027300,-112.994678
3.273930,22.527500,-112.039678
3.839720,22.038600,-111.072678
4.564820,21.621100,-110.198678
5.103150,21.137700,-109.567678
4.284670,21.555200,-110.506678
2.867430,22.483500,-111.556678
1.625980,23.027300,-111.836678
0.631714,23.181200,-111.912780
-0.263672,22.390100,-110.775800
-0.554810,21.258500,-110.001580
-0.664673,19.566700,-109.611800
-0.856934,18.061500,-109.649800
-1.197510,17.281500,-109.774980
-1.477660,17.232100,-109.781980
-1.840210,17.545200,-109.567980
-2.477420,18.001100,-109.149980
-3.251950,18.528400,-108.726980
-4.597780,19.077800,-107.095980
-5.537110,19.627100,-105.947980
-5.723880,20.742200,-104.161980
-5.471190,21.659500,-102.641980
-5.130620,22.247300,-101.893980
-4.669190,22.785600,-101.431980
-4.317630,23.274500,-101.047980
-4.158330,23.598600,-100.937980
-4.064940,23.889800,-101.037980
-3.971560,24.060100,-101.272980
-3.795780,24.021600,-101.843980
-3.823240,23.851300,-102.376980
-3.982540,23.571200,-103.024980
-4.273680,23.258100,-103.788980
-4.614260,23.098800,-104.628980
-4.976810,23.164700,-105.298980
-5.311890,23.345900,-105.628980
-5.075680,23.697500,-104.996980
-4.026490,24.373200,-103.557980
-2.944340,25.092800,-102.623980
-1.614990,25.263100,-103.101980
-1.159060,24.829100,-103.997980
-0.505371,23.994100,-105.046800
-0.065918,22.533000,-106.051680
-0.032959,20.961900,-106.837800
0.038452,19.550200,-106.974800
0.241699,18.594400,-106.436480
0.510864,18.391100,-105.425480
0.928345,18.764600,-104.667480
1.543580,20.374100,-105.793748
1.867680,20.879500,-107.023748
2.807010,21.214600,-108.188748
3.240970,22.055100,-109.556748
2.949830,22.736200,-110.962748
2.455440,22.988900,-111.978748
2.213750,23.148200,-112.791748
2.005000,23.263500,-113.555917
1.691890,23.258100,-114.099748
1.351320,22.972400,-113.563748
1.274410,22.730700,-112.747748
1.274410,22.412100,-111.868748
1.351320,21.956200,-110.956748
1.483150,21.417800,-110.078748
1.741330,20.956400,-109.259748
2.235720,20.615800,-108.499748
2.894900,20.330200,-107.853975
4.174800,19.775400,-107.051675
3.982540,19.967700,-107.325748
2.999270,20.725700,-107.875748
1.851200,21.395900,-107.941575
0.972290,21.785900,-107.661748
0.466919,21.818800,-107.062480
0.115356,21.297000,-106.282248
-0.225220,18.314200,-105.425680
-0.307617,16.875000,-105.535680
-0.521851,16.127900,-105.765800
-0.812988,16.084000,-105.936580
-1.263430,16.561900,-105.881580
-1.878660,17.347400,-105.436580
-2.526860,18.061500,-104.744580
-3.208010,18.473500,-103.991580
-3.922120,18.869000,-103.118158
-4.443970,19.654500,-101.997580
-4.064940,21.225600,-99.541658
-3.751830,21.818800,-98.931958
-3.471680,22.472500,-98.415558
-3.301390,23.054800,-97.959658
-3.229980,23.494300,-97.690458
-3.229980,23.779900,-97.641458
-3.323360,24.115000,-98.003536
-3.422240,24.142500,-98.399358
-3.614500,24.071000,-98.915494
-3.944090,23.878800,-99.514258
-4.383540,23.565700,-100.085580
-4.899900,23.203100,-100.508558
-5.438230,22.862500,-100.717580
-5.954590,22.554900,-100.728580
-6.141360,22.121000,-100.448858
-5.482180,21.780400,-99.711958
-3.229980,22.269300,-98.920958
-2.334590,22.450600,-98.811958
