-0.972290,21.159700,-87.330390
-0.994263,21.159700,-87.253400
-0.994263,21.165200,-87.154500
-0.983276,21.165200,-87.132600
-0.999756,21.159700,-87.302900
-1.120610,21.154200,-87.335890
-1.296390,21.143200,-87.198590
-1.680910,21.016800,-86.341690
-1.878660,20.923500,-85.753890
-1.983030,20.797100,-85.094690
-1.966550,20.698200,-84.226790
-1.906130,20.681800,-83.364390
-1.939090,20.698200,-82.924890
-2.059940,20.780600,-82.996290
-2.010500,21.681500,-82.287629
-1.900630,21.632100,-81.210990
-1.636960,21.709000,-80.090399
-1.334840,21.774900,-79.255490
-1.164550,21.857300,-78.343590
-1.219480,21.884800,-78.233690
-1.137080,21.884800,-78.118390
-0.939331,21.791400,-78.107300
-0.823975,21.659500,-78.367300
-0.900879,21.165200,-79.282800
-1.043700,20.813600,-79.738828
-1.296390,20.528000,-80.068428
-1.724850,20.352200,-80.326580
-2.296140,20.308200,-80.579280
-3.004760,20.478500,-80.809980
-3.735350,20.665300,-81.046180
-4.471440,20.698200,-81.436280
-5.163570,20.665300,-81.974580
-4.581300,21.384900,-82.023958
-3.828740,21.763900,-82.419480
-3.273930,21.895800,-83.435780
-2.905880,21.791400,-84.847480
-2.515870,21.346400,-86.259280
-2.158810,20.445600,-87.110680
-2.037960,19.226100,-87.215680
-1.983030,18.154900,-86.984380
-1.862180,17.440800,-86.929380
-1.593020,17.666000,-87.434718
-1.252440,18.550400,-88.088480
-0.659180,19.660000,-89.044285
0.236206,20.714700,-90.423480
0.944824,21.796900,-92.488480
0.972290,22.884500,-94.784548
0.505371,23.609600,-96.657780
0.329590,24.373200,-99.091218
0.346069,24.878500,-100.426800
0.170288,25.383900,-101.849800
-0.021973,25.801400,-102.964000
-0.181274,26.142000,-103.585640
-0.329590,26.350700,-103.744640
-0.466919,26.411100,-103.541400
-0.411987,26.389200,-102.991400
-0.104370,26.224400,-102.145140
0.269165,25.856300,-101.217140
1.318360,24.950000,-99.519733
1.900630,24.488500,-98.833331
2.125850,24.208400,-98.783631
1.433720,24.389600,-99.926131
0.307617,24.933500,-101.201140
-0.543823,25.312500,-101.525400
-1.076660,25.345500,-101.168540
-1.389770,24.988400,-100.371540
-2.081910,22.917500,-98.816554
-2.296140,21.308000,-98.563855
-2.493900,19.852300,-98.574855
-2.768550,18.902000,-98.673755
-3.224490,18.506500,-98.860554
-3.828740,18.638300,-98.992354
-4.400020,19.088700,-98.756154
-4.735110,19.484300,-98.031154
-4.855960,19.627100,-96.987354
-5.251460,19.687500,-95.751354
-6.355590,21.016800,-92.570854
-6.009520,21.950700,-90.911954
-5.608520,22.565900,-90.126354
-5.136110,23.032800,-89.725354
-4.636230,23.335000,-89.346335
-4.207760,23.362400,-89.241954
-3.784790,23.378900,-89.335354
-3.433230,23.373400,-89.593554
-3.125610,23.373400,-89.950654
-2.856450,23.307500,-90.379654
-2.680660,23.087800,-91.878754
-2.752080,22.917500,-92.752154
-2.883910,22.824100,-93.603554
-3.076170,22.939500,-94.097954
-3.328860,23.203100,-94.152854
-3.526610,23.560200,-93.900154
-3.328860,24.142500,-93.235554
-2.373050,24.741200,-92.153354
-1.461180,25.383900,-91.768854
-0.401001,25.372900,-93.026740
-0.016480,24.741200,-93.883700
0.137329,23.620600,-94.652737
0.038452,22.307700,-95.163670
0.032959,21.220100,-95.273467
0.109863,20.489500,-94.960367
0.192261,20.236800,-94.389367
0.851440,21.319000,-94.471435
1.856690,22.181400,-95.246347
3.411250,23.049300,-96.344647
4.037480,24.032600,-98.486947
3.878170,24.614900,-100.662467
3.620000,24.664300,-102.513662
3.740840,24.060100,-104.032467
3.801270,23.192100,-105.381467
3.400270,21.577100,-107.078467
3.218990,21.264000,-107.314847
3.015750,21.395900,-107.268467
2.719120,21.851800,-107.221467
2.532350,22.066000,-107.232147
2.719120,22.164900,-107.474467
3.378300,22.313200,-107.657447
4.262700,22.791100,-107.864447
5.020750,23.538200,-108.561467
5.542600,24.279800,-109.638147
6.141360,24.433600,-110.385467
5.300900,24.367700,-111.182547
3.911130,24.208400,-112.308467
2.752080,23.895300,-112.736467
1.807250,22.565900,-112.363467
0.878906,21.027800,-111.923670
0.225220,19.769900,-111.335367
0.488892,18.429600,-110.594670
0.477905,16.951900,-110.605670
-0.313110,15.897200,-111.225670
-0.807495,16.073000,-111.495670
-1.252440,16.265300,-111.544670
-2.131350,16.589400,-111.334670
-2.949830,17.039800,-110.429670
-3.273930,17.534200,-109.001670
-3.521120,17.990100,-107.151670
-4.290160,18.665800,-105.458670
-4.454960,19.923700,-103.552670
-3.988040,20.703700,-101.849670
-3.328860,21.681500,-100.838670
-3.224490,22.110000,-100.432387
-3.120120,22.439600,-100.179670
-2.977290,22.571400,-100.168670
-2.916870,22.692300,-100.525670
-2.894900,22.692300,-101.052567
-2.878420,22.730700,-101.651670
-2.999270,22.769200,-102.469670
-3.290410,22.714200,-103.348670
-4.070430,22.439600,-104.958670
-4.559330,22.543900,-105.353670
-5.158080,22.730700,-105.491670
-5.328370,23.109700,-104.991670
-4.405520,23.626100,-103.623670
-3.279420,24.576400,-102.612670
-2.307130,24.889500,-102.371670
-1.395260,24.549000,-102.508567
-0.884399,23.801900,-103.282700
-0.571289,22.456100,-104.372700
-0.609741,20.901500,-105.436700
-0.593262,19.731400,-106.013700
-0.598755,18.720700,-106.133700
-0.505371,18.484500,-105.713700
0.362549,19.539200,-105.156270
0.862427,20.555400,-105.771270
1.790770,21.280500,-106.721127
3.186040,21.961700,-108.149127
3.773800,23.032800,-109.968913
3.229980,23.790900,-111.669127
2.318120,24.543500,-113.868127
2.312620,24.834600,-115.032127
2.081910,25.114700,-116.241127
1.834720,25.290500,-117.142127
1.724850,25.367400,-117.438127
1.697390,25.345500,-117.224127
1.587520,25.208100,-116.713127
1.549070,24.950000,-115.966131
1.636960,24.559900,-115.087127
1.840210,24.043600,-114.186127
2.186280,23.505200,-113.275127
3.356320,22.582400,-111.473127
3.949580,22.379200,-110.869127
3.449710,22.554900,-111.522127
2.257690,23.203100,-112.659127
1.164550,23.818400,-112.959127
0.258179,24.115000,-112.789127
-0.450439,23.966700,-112.357700
-0.950317,23.236100,-111.665700
-1.340330,20.000600,-110.616570
-1.521610,18.396600,-110.643570
-1.785280,17.512200,-110.723570
-2.021480,17.226600,-110.775570
-2.471920,17.352900,-110.742570
-3.114620,17.885700,-110.363570
-3.685910,18.440600,-109.649570
-4.196780,18.770100,-108.688570
-5.504150,19.835800,-106.324570
-5.630490,20.780600,-104.568570
-5.256960,21.505700,-103.063570
-4.828490,22.060500,-102.283570
-4.345090,22.642800,-101.761570
-3.938600,23.087800,-101.305157
-3.680420,23.384400,-101.113570
-3.521120,23.681000,-101.063357
-3.411250,23.856800,-101.168570
-3.306880,23.955700,-101.266570
-3.229980,23.763400,-102.151570
-3.350830,23.543700,-102.859570
-3.630980,23.241600,-103.629570
-3.982540,23.005400,-104.409570
-4.339600,22.977900,-104.996957
-4.779050,23.142700,-105.309570
-4.938350,23.384400,-105.046570
-4.185790,23.708500,-103.766570
-2.334590,24.900500,-102.321570
-1.856690,24.977400,-102.811570
-1.406250,24.708300,-103.591570
-0.752563,24.104000,-104.442570
-0.340576,22.950400,-105.348700
-0.247192,21.511200,-106.111700
-0.263672,20.116000,-106.381170
-0.104370,19.033800,-106.095170
0.115356,18.407600,-105.518170
0.818481,18.902000,-105.046217
1.235960,19.731400,-105.787217
1.741330,20.560900,-106.935217
2.834470,21.170700,-108.193217
3.878170,22.005600,-109.737217
3.933110,22.977900,-111.528217
3.400270,23.582200,-113.005217
3.087160,23.939200,-114.088217
3.098140,24.175400,-115.087217
2.883910,24.296300,-116.136217
2.455440,24.329200,-116.884217
1.944580,24.158900,-116.466217
1.757810,23.994100,-115.653217
1.631470,23.719500,-114.725217
1.620480,23.280000,-113.802252
1.713870,22.703200,-112.967217
2.005000,22.126500,-112.154672
2.477420,21.610100,-111.385217
3.032230,21.192600,-110.775217
3.554080,20.780600,-110.264217
3.433230,20.698200,-110.384217
2.449950,21.253100,-111.121217
0.340576,22.285800,-111.222170
-0.335083,22.066000,-110.814170
-0.834961,21.176100,-110.297700
-1.181030,19.775400,-109.814770
-1.356810,18.297700,-109.444770
-1.417240,16.940900,-109.352770
-1.417240,16.940900,-109.352770
-1.944580,17.797900,-109.067770
-2.537840,18.473500,-108.277770
-3.169560,19.110700,-107.084770
-3.856200,19.852300,-105.809477
-4.586790,20.901500,-104.425770
-4.779050,21.983600,-102.717770
-4.015500,23.461300,-100.322777
-3.691410,24.054600,-99.618577
-3.477170,24.642300,-98.937477
-3.339840,25.175200,-98.355177
-3.268430,25.587200,-97.910277
-3.273930,25.845300,-97.652277
-3.235470,25.993700,-97.597277
-3.164060,26.059600,-97.750977
-3.235470,25.949700,-98.344177
-3.521120,25.724500,-99.162677
-4.422000,24.917000,-101.146327
-4.894410,24.598400,-102.074770
-5.191040,24.417100,-102.607770
-4.993290,24.439100,-102.207770
-3.933110,24.746700,-100.772770
-2.620240,25.521200,-99.212277
-1.587520,25.977200,-98.118977
-1.032710,26.153000,-97.481798
-0.318604,25.422400,-97.965170
0.126343,24.285300,-98.811517
0.274658,22.576900,-99.706417
0.422974,20.879500,-100.047170
0.878906,19.325000,-99.596672
1.312870,18.231800,-98.898972
1.708370,17.951700,-98.437572
2.125850,18.281200,-98.602372
2.422490,18.967900,-99.503272
2.532350,20.236800,-102.366717
3.109130,20.379600,-103.887717
4.070430,20.879500,-105.267717
3.856200,21.741900,-106.985772
3.367310,22.269300,-108.177717
3.021240,22.500000,-108.798178
2.834470,22.631800,-109.226717
2.406010,22.522000,-109.693672
1.933590,22.269300,-109.814717
1.636960,21.917700,-109.303717
1.279910,21.176100,-107.485717
1.153560,20.703700,-106.556717
1.115110,20.247800,-105.656717
1.318360,19.830300,-104.722717
1.752320,19.522700,-103.832717
2.290650,19.303000,-103.112272
2.889400,19.066800,-102.592272
3.422240,18.891000,-102.167272
3.312380,18.869000,-101.997272
1.318360,20.341200,-101.981717
0.368042,20.830100,-101.427170
-0.291138,20.780600,-100.783700
-0.703125,20.137900,-100.184700
-0.994263,19.099700,-99.920770
-1.043700,17.968100,-99.898708
-1.131590,17.028800,-99.992177
-1.356810,16.962900,-100.091770
-1.724850,17.583600,-100.036770
-2.993770,19.511700,-99.420877
-3.795780,20.154400,-98.613377
-4.762570,20.753200,-97.509277
-5.542600,21.939700,-96.130428
-5.542600,23.098800,-94.575828
-5.185550,23.681000,-93.669428
-4.993290,23.999600,-93.224577
-4.603270,24.461100,-92.559877
-4.416500,25.059800,-91.735888
-4.465940,25.526700,-91.098677
-4.548340,26.411100,-90.192377
-4.515380,26.625400,-90.054977
-4.526370,26.663800,-90.296677
-4.619750,26.515500,-90.862477
-4.844970,26.229900,-91.642577
-5.163570,25.823400,-92.460977
-5.460210,25.444300,-93.147677
-5.784300,25.125700,-93.691468
-6.179810,24.818100,-94.043677
-6.157840,24.614900,-93.499177
-4.229740,24.538000,-91.131678
-3.422240,24.834600,-90.549377
-2.675170,24.719200,-90.412377
